0 0.27734375 0.4388020828125 0.265625 0.42578125 0.2890625 0.4127604171875 0.2890625 0.38671875 0.2373046875 0.3541666671875 0.1982421875 0.3567708328125 0.1689453125 0.3802083328125 0.15625 0.3684895828125 0.166015625 0.33203125 0.1328125 0.3138020828125 0.1552734375 0.28125 0.0732421875 0.2734375 0.068359375 0.3059895828125 0.083984375 0.31640625 0.072265625 0.34765625 0.09375 0.37109375 0.08984375 0.3919270828125 0.123046875 0.4205729171875 0.1435546875 0.4817708328125 0.1796875 0.4856770828125 0.2705078125 0.4635416671875 0.27734375 0.4388020828125
0 0.463188025 0.6542318781249999 0.40865200156250003 0.647763496875 0.39410900625 0.6332095328125 0.38198988906250003 0.6073358859375 0.425618690625 0.5604398328125 0.45591648124999995 0.5507372312500001 0.50390625 0.61328125 0.49609375 0.58203125 0.515625 0.56640625 0.5009765625 0.53125 0.4072265625 0.5338541671875 0.3544921875 0.5807291671875 0.3095703125 0.5729166671875 0.2734375 0.5221354171875 0.3466796875 0.5208333328125 0.3671875 0.49609375 0.3544921875 0.4713541671875 0.2763671875 0.4661458328125 0.2646484375 0.5078125 0.2333984375 0.484375 0.1337890625 0.4869791671875 0.115234375 0.50390625 0.1220703125 0.53125 0.158203125 0.5481770828125 0.1533203125 0.6041666671875 0.1787109375 0.6119791671875 0.2294921875 0.59375 0.2919921875 0.6145833328125 0.3076171875 0.7135416671875 0.3583984375 0.7135416671875 0.380859375 0.73046875 0.4580078125 0.6848958328125 0.463188025 0.6542318781249999
0 1 0.6861979171875 0.9580078125 0.6510416671875 0.8525390625 0.6145833328125 0.8154296875 0.6276041671875 0.8095703125 0.6510416671875 0.7470703125 0.6223958328125 0.6669921875 0.6901041671875 0.6025390625 0.65625 0.5849609375 0.6145833328125 0.5634765625 0.6067708328125 0.5126953125 0.6171875 0.4921875 0.6393229171875 0.5068359375 0.6770833328125 0.5673828125 0.6666666671875 0.552734375 0.68359375 0.552734375 0.7122395828125 0.5888671875 0.7421875 0.6708984375 0.7395833328125 0.7392578125 0.7708333328125 0.8095703125 0.7161458328125 0.8779296875 0.7057291671875 0.8916015625 0.75 0.990234375 0.8033854171874999 1 0.80078125 1 0.6861979171875
0 0.6689453125 0.8203125 0.7265625 0.8111979171874999 0.724609375 0.7799479171875 0.68359375 0.7565104171875 0.6630859375 0.6927083328125 0.6005859375 0.6588541671875 0.5634765625 0.671875 0.5361328125 0.7135416671875 0.5166015625 0.7135416671875 0.4951171875 0.6796875 0.4638671875 0.6796875 0.4140625 0.7122395828125 0.408203125 0.7434895828125 0.4462890625 0.7734375 0.4580078125 0.8046875 0.4697265625 0.7864583328125 0.5126953125 0.7838541671875 0.564453125 0.85546875 0.5703125 0.8997395828125001 0.5927734375 0.9270833328125001 0.615234375 0.9283854171874999 0.681640625 0.8841145828125001 0.6689453125 0.8203125
0 0.7001953125 0.5234375 0.6279296875 0.515625 0.62109375 0.5690104171875 0.654296875 0.5872395828125 0.71875 0.5403645828125 0.7001953125 0.5234375
0 0.7392578125 0.625 0.748046875 0.59765625 0.6962890625 0.5833333328125 0.6572265625 0.5989583328125 0.634765625 0.63671875 0.662109375 0.64453125 0.7080078125 0.6432291671875 0.7392578125 0.625
0 0.783203125 0.4752604171875 0.796875 0.4596354171875 0.7880859375 0.4375 0.6796875 0.47265625 0.6884765625 0.4973958328125 0.7236328125 0.4869791671875 0.7265625 0.51953125 0.755859375 0.5325520828125 0.783203125 0.5169270828125 0.783203125 0.4752604171875
0 0.84765625 0.3841145828125 0.7880859375 0.3515625 0.7392578125 0.3802083328125 0.7158203125 0.34375 0.6728515625 0.3229166671875 0.671875 0.3736979171875 0.625 0.3971354171875 0.6357421875 0.4140625 0.724609375 0.44140625 0.8291015625 0.4166666671875 0.84765625 0.3841145828125
0 0.5888671875 0.4557291671875 0.5146484375 0.4322916671875 0.466796875 0.47265625 0.4765625 0.5065104171875 0.5234375 0.55078125 0.599609375 0.5247395828125 0.5888671875 0.4557291671875
0 0.41015625 0.4309895828125 0.39453125 0.41015625 0.4228515625 0.3854166671875 0.474609375 0.3658854171875 0.3720703125 0.3619791671875 0.310546875 0.39453125 0.3427734375 0.4427083328125 0.373046875 0.4518229171875 0.4033203125 0.4479166671875 0.41015625 0.4309895828125
0 0.8935546875 0.5755208328125 0.8701171875 0.5338541671875 0.7890625 0.5794270828125 0.8056640625 0.625 0.8544921875 0.6119791671875 0.99609375 0.65234375 0.9990234375 0.5833333328125 0.8935546875 0.5755208328125
0 0.9736328125 0.5130208328125 0.9921875 0.4778645828125 0.8876953125 0.4453125 0.8207018671874999 0.43753991875000003 0.8388805421875001 0.490904353125 0.8812974499999999 0.4666477875 0.873046875 0.5299479171875 0.892578125 0.53515625 0.9208984375 0.5104166671875 0.9736328125 0.5130208328125
0 0.9697265625 0.3828125 0.9443359375 0.3776041671875 0.912109375 0.4075520828125 0.9267578125 0.4375 0.974609375 0.44140625 1 0.4075520828125 0.9697265625 0.3828125
0 0.1162109375 0.9348958328125001 0.1474609375 0.8802083328125001 0.1982421875 0.8671875 0.2353515625 0.8854166671874999 0.232421875 0.81640625 0.1767578125 0.8463541671874999 0.1318359375 0.8125 0.0830078125 0.8203125 0.025390625 0.8763020828125001 0.0234375 0.9127604171874999 0.0390625 0.9622395828125001 0.05078125 0.96484375 0.0966796875 0.9270833328125001 0.1162109375 0.9348958328125001
0 0.3505859375 0.875 0.4296875 0.8658854171874999 0.4111328125 0.828125 0.3837890625 0.8229166671874999 0.3662109375 0.84375 0.3525390625 0.7864583328125 0.3369140625 0.8255208328125001 0.3212890625 0.8020833328125001 0.2958984375 0.8046875 0.248046875 0.85546875 0.28515625 0.9049479171874999 0.2421875 0.9466145828125001 0.25390625 0.99609375 0.330078125 0.99609375 0.31640625 0.9622395828125001 0.3505859375 0.875
0 0.11328125 0.5325520828125 0.08203125 0.4986979171875 0.0810546875 0.4739583328125 0.064453125 0.4752604171875 0.1171875 0.4205729171875 0.0869140625 0.390625 0.0009765625 0.3671875 0 0.5143229171875 0.0498046875 0.5364583328125 0.08203125 0.5872395828125 0.111328125 0.56640625 0.11328125 0.5325520828125