0 0.197265625 0.24869791718749998 0.212890625 0.21744791718749998 0.1669921875 0.20052083281250002 0.13671875 0.2643229171875 0.1845703125 0.3020833328125 0.208984375 0.30078125 0.2265625 0.2877604171875 0.197265625 0.24869791718749998
0 0.2978515625 0.3984375 0.33984375 0.38671875 0.3291015625 0.3515625 0.2841796875 0.3203125 0.2236328125 0.3255208328125 0.1669921875 0.296875 0.14453125 0.30859375 0.1865234375 0.4244791671875 0.294921875 0.44140625 0.3203125 0.4205729171875 0.2978515625 0.3984375
0 0.1259765625 0.4192708328125 0.08203125 0.4127604171875 0.0888671875 0.46875 0.13671875 0.4700520828125 0.142578125 0.4544270828125 0.1259765625 0.4192708328125
0 0.388671875 0.6236979171875 0.3388671875 0.5885416671875 0.3076171875 0.59375 0.296875 0.6263020828125 0.3046875 0.6627604171875 0.361328125 0.6783854171875 0.396484375 0.6653645828125 0.388671875 0.6236979171875
0 0.3203125 0.5299479171875 0.2822265625 0.4583333328125 0.1728515625 0.4166666671875 0.14453125 0.43359375 0.18359375 0.4856770828125 0.1865234375 0.5364583328125 0.2529296875 0.546875 0.2880859375 0.5859375 0.314453125 0.5872395828125 0.326171875 0.5690104171875 0.3203125 0.5299479171875
0 0.529296875 0.5846354171875 0.4990234375 0.5546875 0.4072265625 0.5494791671875 0.375 0.5768229171875 0.3876953125 0.6015625 0.4658203125 0.578125 0.4814453125 0.6119791671875 0.521484375 0.6158854171875 0.533203125 0.60546875 0.529296875 0.5846354171875
0 0.6142578125 0.7317708328125 0.5595703125 0.7265625 0.54296875 0.7434895828125 0.548828125 0.77734375 0.5771484375 0.8020833328125001 0.658203125 0.82421875 0.654296875 0.7799479171875 0.6142578125 0.7317708328125
0 0.892578125 0.7018229171875 0.8779296875 0.6848958328125 0.79296875 0.70703125 0.8056640625 0.7526041671875 0.85546875 0.75390625 0.892578125 0.7330729171875 0.892578125 0.7018229171875
0 0.5595703125 0.6588541671875 0.5107421875 0.6614583328125 0.490234375 0.6861979171875 0.5048828125 0.7135416671875 0.580078125 0.7200520828125 0.595703125 0.6940104171875 0.5595703125 0.6588541671875
0 0.494140625 0.78515625 0.505859375 0.7356770828125 0.4951171875 0.71875 0.4599609375 0.7057291671875 0.396484375 0.7356770828125 0.4404296875 0.8046875 0.474609375 0.81640625 0.50390625 0.8138020828125001 0.494140625 0.78515625
0 0.6708984375 0.8515625 0.5888671875 0.8411458328125001 0.578125 0.85546875 0.580078125 0.8815104171874999 0.6142578125 0.9166666671874999 0.6416015625 0.8880208328125001 0.6953125 0.9153645828125001 0.697265625 0.87890625 0.6708984375 0.8515625
0 0.7158203125 0.6848958328125 0.634765625 0.7044270828125 0.6494140625 0.7317708328125 0.720703125 0.73828125 0.74609375 0.7096354171875 0.7158203125 0.6848958328125
0 0.7822265625 0.8463541671874999 0.794921875 0.8111979171874999 0.78515625 0.76171875 0.7548828125 0.7369791671875 0.66015625 0.77734375 0.669921875 0.8450520828125001 0.728515625 0.8763020828125001 0.7587890625 0.84375 0.7822265625 0.8463541671874999
0 0.96875 0.8528645828125001 0.8486328125 0.7578125 0.8076171875 0.7604166671875 0.794921875 0.8346354171874999 0.8544921875 0.859375 0.8662109375 0.9036458328125001 0.943359375 0.9752604171874999 0.95703125 0.9622395828125001 0.96875 0.8528645828125001
0 0.7529296875 0.5677083328125 0.7421875 0.62890625 0.7607421875 0.6510416671875 0.7890625 0.6497395828125 0.818359375 0.5768229171875 0.7529296875 0.5677083328125
0 0.9990234375 0.6536458328125 0.9404296875 0.6119791671875 0.904296875 0.6080729171875 0.8896484375 0.6901041671875 0.9501953125 0.6796875 0.990234375 0.6940104171875 1 0.69140625 0.9990234375 0.6536458328125
0 0.884765625 0.5846354171875 0.8525390625 0.5833333328125 0.853515625 0.6236979171875 0.87890625 0.6315104171875 0.896484375 0.6184895828125 0.884765625 0.5846354171875
0 0.6201171875 0.5260416671875 0.5517578125 0.4791666671875 0.49609375 0.5065104171875 0.5 0.54296875 0.5361328125 0.5989583328125 0.615234375 0.6028645828125 0.626953125 0.5690104171875 0.6201171875 0.5260416671875
0 0.4404296875 0.4270833328125 0.4091796875 0.4114583328125 0.375 0.4205729171875 0.3974609375 0.4557291671875 0.439453125 0.4622395828125 0.451171875 0.4518229171875 0.4404296875 0.4270833328125
0 0.330078125 0.43359375 0.345703125 0.4361979171875 0.3427734375 0.421875 0.330078125 0.43359375
0 0.3271484375 0.4401041671875 0.296875 0.4518229171875 0.296875 0.4830729171875 0.3134765625 0.5026041671875 0.392578125 0.5065104171875 0.3857421875 0.4661458328125 0.3271484375 0.4401041671875
0 0.4990234375 0.3802083328125 0.4345703125 0.3697916671875 0.34375 0.3893229171875 0.4453125 0.4231770828125 0.525390625 0.4049479171875 0.4990234375 0.3802083328125
0 0.8798828125 0.5234375 0.8291015625 0.4817708328125 0.7822265625 0.5 0.7314453125 0.421875 0.712890625 0.43359375 0.7080078125 0.4713541671875 0.662109375 0.4830729171875 0.7138671875 0.5234375 0.7431640625 0.5182291671875 0.8095703125 0.5572916671875 0.8671875 0.55859375 0.884765625 0.5403645828125 0.8798828125 0.5234375
0 0.396484375 0.87109375 0.3837890625 0.8359375 0.3583984375 0.8203125 0.3359375 0.83203125 0.33984375 0.7877604171875 0.3291015625 0.7734375 0.3134765625 0.8098958328125001 0.2998046875 0.7838541671875 0.2666015625 0.7786458328125 0.21875 0.8138020828125001 0.2373046875 0.8541666671874999 0.294921875 0.8815104171874999 0.3095703125 0.859375 0.396484375 0.87109375
0 0.1396484375 0.6822916671875 0.1083984375 0.6640625 0.076171875 0.6783854171875 0.0791015625 0.7083333328125 0.1328125 0.7330729171875 0.150390625 0.7122395828125 0.1396484375 0.6822916671875
0 0.0869140625 0.859375 0.1005859375 0.8177083328125001 0.1474609375 0.8046875 0.2021484375 0.8359375 0.2109375 0.73046875 0.19921875 0.73046875 0.1845703125 0.7734375 0.1474609375 0.7760416671875 0.1103515625 0.7317708328125 0.0615234375 0.7291666671875 0.0263671875 0.7473958328125 0 0.79296875 0.001953125 0.8684895828125001 0.0537109375 0.8489583328125001 0.0869140625 0.859375