0 0.3291015625 0.390625 0.361328125 0.3841145828125 0.3505859375 0.34375 0.3076171875 0.3072916671875 0.2509765625 0.3072916671875 0.1943359375 0.2708333328125 0.171875 0.2799479171875 0.2119140625 0.3984375 0.318359375 0.4309895828125 0.33984375 0.4127604171875 0.3291015625 0.390625
0 0.33203125 0.5247395828125 0.2919921875 0.4401041671875 0.2197265625 0.4192708328125 0.1904296875 0.390625 0.162109375 0.4075520828125 0.1953125 0.44921875 0.19140625 0.49609375 0.2119140625 0.5234375 0.2587890625 0.53125 0.318359375 0.58203125 0.337890625 0.57421875 0.33203125 0.5247395828125
0 0.390625 0.6236979171875 0.3427734375 0.5859375 0.3076171875 0.5911458328125 0.306640625 0.6575520828125 0.3271484375 0.6796875 0.357421875 0.6809895828125 0.396484375 0.6705729171875 0.390625 0.6236979171875
0 0.595703125 0.7513020828125 0.5859375 0.7044270828125 0.5576171875 0.6822916671875 0.4931640625 0.6875 0.4873046875 0.7265625 0.4560546875 0.7161458328125 0.4423828125 0.6770833328125 0.4130859375 0.6666666671875 0.361328125 0.7018229171875 0.4287109375 0.8177083328125001 0.5166015625 0.84375 0.5634765625 0.8255208328125001 0.634765625 0.8528645828125001 0.638671875 0.80859375 0.595703125 0.7513020828125
0 0.48828125 0.62109375 0.533203125 0.6106770828125 0.5107421875 0.5729166671875 0.4345703125 0.5520833328125 0.3974609375 0.5598958328125 0.380859375 0.58203125 0.3955078125 0.6067708328125 0.4736328125 0.59375 0.4892578125 0.6328125 0.525390625 0.6341145828125 0.533203125 0.6263020828125 0.48828125 0.62109375
0 0.5341796875 0.4427083328125 0.544921875 0.42578125 0.5205078125 0.3984375 0.4501953125 0.375 0.3701171875 0.375 0.361328125 0.3893229171875 0.4072265625 0.4583333328125 0.458984375 0.4752604171875 0.4716796875 0.4401041671875 0.5341796875 0.4427083328125
0 0.3427734375 0.4348958328125 0.314453125 0.44140625 0.310546875 0.4700520828125 0.3310546875 0.4947916671875 0.408203125 0.5091145828125 0.4013671875 0.46875 0.3427734375 0.4348958328125
0 0.5849609375 0.5182291671875 0.5517578125 0.5052083328125 0.505859375 0.52734375 0.5419921875 0.6223958328125 0.625 0.6341145828125 0.630859375 0.5638020828125 0.5849609375 0.5182291671875
0 0.7587890625 0.6171875 0.744140625 0.6783854171875 0.7587890625 0.703125 0.7890625 0.70703125 0.82421875 0.6341145828125 0.7587890625 0.6171875
0 0.84375 0.8216145828125001 0.8623046875 0.8151041671874999 0.8720703125 0.84375 0.876953125 0.8138020828125001 0.890625 0.8111979171874999 0.876953125 0.7591145828125 0.8525390625 0.7473958328125 0.7900390625 0.7604166671875 0.78515625 0.7903645828125 0.796875 0.81640625 0.7578125 0.9205729171874999 0.76171875 0.9440104171874999 0.7939453125 0.9765625 0.8125 0.96484375 0.8154296875 0.9244791671874999 0.82421875 0.9674479171874999 0.8310546875 0.9583333328125001 0.8583984375 0.9947916671874999 0.935546875 0.99609375 0.953125 0.93359375 0.84375 0.8216145828125001
0 0.775390625 0.81640625 0.736328125 0.7799479171875 0.7421875 0.75390625 0.7099609375 0.7291666671875 0.6337890625 0.7317708328125 0.6328125 0.77734375 0.66015625 0.7981770828125 0.642578125 0.8190104171874999 0.640625 0.8606770828125001 0.6884765625 0.9270833328125001 0.744140625 0.94140625 0.787109375 0.8502604171874999 0.775390625 0.81640625
0 0.6611328125 0.8958333328125001 0.5849609375 0.8697916671874999 0.552734375 0.88671875 0.568359375 0.91796875 0.5673828125 0.953125 0.6025390625 0.9661458328125001 0.6103515625 0.9947916671874999 0.65625 0.99609375 0.6796875 0.9466145828125001 0.6611328125 0.8958333328125001
0 0.5908203125 0.9557291671874999 0.5224609375 0.9322916671874999 0.50390625 0.9518229171874999 0.5146484375 0.9973958328125001 0.603515625 0.9986979171874999 0.6171875 0.9856770828125001 0.5908203125 0.9557291671874999
0 0.9990234375 0.6458333328125 0.9697265625 0.6380208328125 0.9453125 0.6549479171875 0.9501953125 0.6744791671875 0.9677734375 0.6640625 0.9765625 0.68359375 1 0.66796875 0.9990234375 0.6458333328125
0 0.9208984375 0.6770833328125 0.904296875 0.68359375 0.90234375 0.7174479171875 0.8828125 0.7434895828125 0.8935546875 0.7630208328125 0.9326171875 0.7526041671875 1 0.7747395828125 0.9990234375 0.7369791671875 0.9208984375 0.6770833328125
0 0.8427734375 0.5442708328125 0.796875 0.5638020828125 0.8134765625 0.6015625 0.876953125 0.61328125 0.890625 0.59765625 0.8427734375 0.5442708328125
0 0.7490234375 0.4713541671875 0.734375 0.47265625 0.7236328125 0.5182291671875 0.67578125 0.51953125 0.7197265625 0.5651041671875 0.794921875 0.5768229171875 0.78125 0.5169270828125 0.7490234375 0.4713541671875
0 0.1318359375 0.7760416671875 0.1923828125 0.8098958328125001 0.20703125 0.70703125 0.1826171875 0.6901041671875 0.1455078125 0.7005208328125 0.14453125 0.66015625 0.1064453125 0.6588541671875 0.1005859375 0.6484375 0.123046875 0.64453125 0.1025390625 0.6354166671875 0.080078125 0.6419270828125 0.09375 0.6497395828125 0.0859375 0.66015625 0.1376953125 0.6666666671875 0.1396484375 0.6875 0.0615234375 0.6848958328125 0.0009765625 0.7109375 0 0.80859375 0.0166015625 0.8385416671874999 0.060546875 0.8502604171874999 0.0888671875 0.7942708328125 0.1318359375 0.7760416671875
0 0.3486328125 0.8177083328125001 0.32421875 0.82421875 0.33203125 0.78515625 0.3232421875 0.7682291671875 0.3056640625 0.7942708328125 0.2939453125 0.7708333328125 0.2607421875 0.7630208328125 0.2109375 0.7903645828125 0.21484375 0.8216145828125001 0.2646484375 0.8802083328125001 0.3154296875 0.8541666671874999 0.37890625 0.8841145828125001 0.3701171875 0.8333333328125001 0.3486328125 0.8177083328125001
0 0.6748046875 0.3932291671875 0.6455078125 0.375 0.615234375 0.3919270828125 0.6357421875 0.4244791671875 0.681640625 0.4361979171875 0.69140625 0.4127604171875 0.6748046875 0.3932291671875