0 0 0.55859375 0.03125 0.5690104171875 0.1142578125 0.546875 0.1337890625 0.5130208328125 0.1962890625 0.5390625 0.21484375 0.4700520828125 0.1787109375 0.4348958328125 0.0400390625 0.4348958328125 0 0.4700520828125 0 0.55859375
0 0.1865234375 0.3541666671875 0.1630859375 0.3515625 0.1455078125 0.3802083328125 0.1064453125 0.3515625 0.0654296875 0.3541666671875 0.041015625 0.3997395828125 0.0439453125 0.4296875 0.1826171875 0.4348958328125 0.224609375 0.4622395828125 0.24609375 0.4231770828125 0.1865234375 0.3541666671875
0 0.1396484375 0.1744791671875 0.08984375 0.1861979171875 0.0986328125 0.21875 0.16015625 0.22786458281250002 0.16015625 0.1940104171875 0.1396484375 0.1744791671875
0 0.1552734375 0.24739583281250002 0.072265625 0.25390625 0.0810546875 0.2916666671875 0.1240234375 0.3020833328125 0.171875 0.3424479171875 0.1826171875 0.2604166671875 0.1552734375 0.24739583281250002
0 0.4072265625 0.22135416718749998 0.3330078125 0.2552083328125 0.3017578125 0.20833333281250002 0.23046875 0.21744791718749998 0.2626953125 0.265625 0.37890625 0.2877604171875 0.404296875 0.2643229171875 0.4072265625 0.22135416718749998
0 0.6396484375 0.546875 0.552734375 0.48046875 0.578125 0.4440104171875 0.5419921875 0.390625 0.4638671875 0.3828125 0.439453125 0.41796875 0.4375 0.4518229171875 0.5087890625 0.4973958328125 0.5146484375 0.53125 0.5439453125 0.5494791671875 0.5810546875 0.5338541671875 0.642578125 0.59765625 0.65625 0.5768229171875 0.6396484375 0.546875
0 0.3369140625 0.4661458328125 0.283203125 0.4622395828125 0.3076171875 0.5130208328125 0.37890625 0.54296875 0.384765625 0.51953125 0.3369140625 0.4661458328125
0 0.3359375 0.3372395828125 0.2724609375 0.2942708328125 0.267578125 0.3736979171875 0.302734375 0.3997395828125 0.3203125 0.3919270828125 0.3359375 0.3372395828125
0 0.2041015625 0.23697916718749998 0.208984375 0.2669270828125 0.19140625 0.2903645828125 0.220703125 0.3111979171875 0.2421875 0.2877604171875 0.2041015625 0.23697916718749998
0 0.4453125 0.6028645828125 0.4052734375 0.5703125 0.3408203125 0.578125 0.2763671875 0.4817708328125 0.2109375 0.49609375 0.20703125 0.55078125 0.228515625 0.57421875 0.228515625 0.5924479171875 0.21484375 0.5950520828125 0.2216796875 0.6119791671875 0.2490234375 0.6328125 0.3251953125 0.625 0.388671875 0.6549479171875 0.4404296875 0.6484375 0.4453125 0.6028645828125
0 0.3701171875 0.6744791671875 0.2958984375 0.6328125 0.2578125 0.65234375 0.2626953125 0.6927083328125 0.3076171875 0.6875 0.3232421875 0.7239583328125 0.349609375 0.72265625 0.37890625 0.7018229171875 0.3701171875 0.6744791671875
0 0.580078125 0.7018229171875 0.5361328125 0.6458333328125 0.5029296875 0.6328125 0.484375 0.64453125 0.474609375 0.69140625 0.455078125 0.7122395828125 0.505859375 0.7408854171875 0.5732421875 0.7317708328125 0.580078125 0.7018229171875
0 0.4716796875 0.5390625 0.4326171875 0.5364583328125 0.40625 0.5638020828125 0.50390625 0.62109375 0.517578125 0.58984375 0.4716796875 0.5390625
0 0.8603515625 0.6302083328125 0.9052734375 0.625 0.900390625 0.5872395828125 0.8623046875 0.5859375 0.7861328125 0.5442708328125 0.7255859375 0.5807291671875 0.701171875 0.6158854171875 0.7138671875 0.6484375 0.7724609375 0.6432291671875 0.828125 0.6731770828125 0.8466796875 0.671875 0.8603515625 0.6302083328125
0 0.6923828125 0.4244791671875 0.63671875 0.4309895828125 0.6455078125 0.4505208328125 0.6953125 0.4674479171875 0.71484375 0.4466145828125 0.6923828125 0.4244791671875
0 0.955078125 0.4934895828125 0.8798828125 0.46875 0.8330078125 0.4296875 0.763671875 0.43359375 0.7666015625 0.4609375 0.8076171875 0.4973958328125 0.8388671875 0.5026041671875 0.857421875 0.5533854171875 0.8828125 0.57421875 0.9521484375 0.5182291671875 0.955078125 0.4934895828125
0 0.6865234375 0.3697916671875 0.6201171875 0.3359375 0.587890625 0.3424479171875 0.6591796875 0.4166666671875 0.74609375 0.4466145828125 0.7392578125 0.4166666671875 0.6865234375 0.3697916671875
0 0.7109375 0.65234375 0.6748046875 0.6223958328125 0.6181640625 0.625 0.607421875 0.6705729171875 0.66796875 0.71484375 0.703125 0.6940104171875 0.7109375 0.65234375
0 0.5986328125 0.6380208328125 0.5595703125 0.625 0.541015625 0.6419270828125 0.5849609375 0.7161458328125 0.615234375 0.72265625 0.625 0.69921875 0.5986328125 0.6380208328125
0 0.6611328125 0.5885416671875 0.642578125 0.6106770828125 0.703125 0.63671875 0.6982421875 0.59375 0.6611328125 0.5885416671875
0 0.4345703125 0.7057291671875 0.4228515625 0.7239583328125 0.3935546875 0.7213541671875 0.419921875 0.76171875 0.45703125 0.7278645828125 0.4345703125 0.7057291671875
0 0.705078125 0.8841145828125001 0.6767578125 0.8333333328125001 0.6455078125 0.8125 0.6259765625 0.8333333328125001 0.6240234375 0.7890625 0.607421875 0.7981770828125 0.5986328125 0.8385416671874999 0.5576171875 0.8072916671874999 0.529296875 0.83203125 0.5341796875 0.8489583328125001 0.6064453125 0.875 0.6259765625 0.9192708328125001 0.685546875 0.91796875 0.705078125 0.90234375 0.705078125 0.8841145828125001
0 1 0.4049479171875 0.9697265625 0.3854166671875 0.9384765625 0.3828125 0.9306640625 0.421875 0.892578125 0.4361979171875 0.9150390625 0.4765625 0.978515625 0.48046875 1 0.4518229171875 1 0.4049479171875
0 0.85546875 0.89453125 0.865234375 0.87890625 0.8564453125 0.84375 0.8232421875 0.8359375 0.7978515625 0.8671875 0.7744140625 0.8307291671874999 0.7529296875 0.8255208328125001 0.701171875 0.9205729171874999 0.693359375 0.9700520828125001 0.7021484375 0.9973958328125001 0.904296875 0.99609375 0.892578125 0.9466145828125001 0.85546875 0.89453125