0 0.7919921875 0.609375 0.8310546875 0.6171875 0.8720703125 0.5833333328125 0.9990234375 0.5963541671875 1 0.51171875 0.939453125 0.4544270828125 0.9609375 0.4440104171875 0.958984375 0.4153645828125 0.9111328125 0.3854166671875 0.8623046875 0.4088541671875 0.8486328125 0.3828125 0.8232421875 0.3776041671875 0.76171875 0.44140625 0.763671875 0.46484375 0.7890625 0.4908854171875 0.7861328125 0.5104166671875 0.7470703125 0.4947916671875 0.7197265625 0.5078125 0.724609375 0.4830729171875 0.7099609375 0.4739583328125 0.6630859375 0.4921875 0.654296875 0.5091145828125 0.671875 0.50390625 0.6728515625 0.5442708328125 0.697265625 0.53515625 0.697265625 0.5559895828125 0.6640625 0.5846354171875 0.66796875 0.62890625 0.7421875 0.65234375 0.7802734375 0.6328125 0.7919921875 0.609375
0 0.671875 0.61328125 0.5712890625 0.546875 0.5302734375 0.5494791671875 0.484375 0.5950520828125 0.4873046875 0.625 0.5283203125 0.6484375 0.5498046875 0.625 0.5673828125 0.65625 0.62890625 0.6653645828125 0.6748046875 0.6380208328125 0.671875 0.61328125
0 0.2861328125 0.6432291671875 0.296875 0.60546875 0.2158203125 0.5364583328125 0.095703125 0.5846354171875 0.0966796875 0.609375 0.1396484375 0.6171875 0.1533203125 0.6588541671875 0.18359375 0.6627604171875 0.2255859375 0.6354166671875 0.2861328125 0.6432291671875
0 0.111328125 0.4153645828125 0.0751953125 0.4036458328125 0.0751953125 0.3671875 0.0400390625 0.3671875 0.0234375 0.4518229171875 0.0625 0.4622395828125 0.0947265625 0.4583333328125 0.111328125 0.4153645828125
0 0.2373046875 0.4557291671875 0.2421875 0.42578125 0.1708984375 0.4166666671875 0.1220703125 0.4583333328125 0.0693359375 0.4635416671875 0.048828125 0.4830729171875 0.115234375 0.5377604171875 0.1396484375 0.5052083328125 0.2373046875 0.4557291671875
0 0.5576171875 0.6588541671875 0.5205078125 0.6640625 0.4970703125 0.6380208328125 0.4619140625 0.6484375 0.4443359375 0.6276041671875 0.3994140625 0.6458333328125 0.3486328125 0.59375 0.30078125 0.6028645828125 0.2890625 0.6653645828125 0.3232421875 0.7369791671875 0.3720703125 0.71875 0.50390625 0.7486979171875 0.572265625 0.6940104171875 0.5576171875 0.6588541671875
0 0.5439453125 0.3958333328125 0.4716796875 0.390625 0.4296875 0.4440104171875 0.4423828125 0.4817708328125 0.49609375 0.5065104171875 0.568359375 0.4596354171875 0.5439453125 0.3958333328125
0 0.4599609375 0.5651041671875 0.494140625 0.5377604171875 0.490234375 0.5143229171875 0.4482421875 0.4921875 0.4111328125 0.5234375 0.3837890625 0.5234375 0.345703125 0.57421875 0.369140625 0.6002604171875 0.4169921875 0.5520833328125 0.4599609375 0.5651041671875
0 0.7373046875 0.3125 0.6267960968749999 0.3744728203125 0.6364913343749999 0.40358068906250005 0.6752724703124999 0.3744728203125 0.7109375 0.41796875 0.740234375 0.39453125 0.7373046875 0.3125
0 0.7373046875 0.7135416671875 0.74609375 0.69140625 0.73828125 0.6627604171875 0.6982421875 0.6510416671875 0.62109375 0.69921875 0.6240234375 0.7239583328125 0.662109375 0.7434895828125 0.6923828125 0.703125 0.7373046875 0.7135416671875
0 0.4580078125 0.8541666671874999 0.4609375 0.8268229171874999 0.4130859375 0.8125 0.41015625 0.8346354171874999 0.3955078125 0.8385416671874999 0.388671875 0.80078125 0.3720703125 0.7916666671875 0.3681640625 0.828125 0.3466796875 0.8151041671874999 0.3193359375 0.8307291671874999 0.287109375 0.8841145828125001 0.29957995312499996 0.9242883328125 0.3115234375 0.9192708328125001 0.375 0.9205729171874999 0.3896484375 0.875 0.4580078125 0.8541666671874999
0 0.3544921875 0.921875 0.3154296875 0.9401041671874999 0.296875 0.9752604171874999 0.3134765625 1 0.384765625 0.9986979171874999 0.373046875 0.9388020828125001 0.3544921875 0.921875
0 0.22201758906250002 0.9259054125 0.21595803125000002 0.9113515718749999 0.1767578125 0.8880208328125001 0.1181640625 0.9088541671874999 0.068359375 0.9856770828125001 0.0751953125 0.9973958328125001 0.1846649671875 0.986205228125 0.195355478125 0.9533962624999999 0.22080569687499998 0.9291396953125 0.213534153125 0.922671253125 0.22201758906250002 0.9259054125
0 0.349609375 0.41015625 0.3671875 0.37890625 0.3427734375 0.3645833328125 0.2724609375 0.40625 0.255859375 0.4388020828125 0.2607421875 0.4557291671875 0.33203125 0.46484375 0.369140625 0.4361979171875 0.349609375 0.41015625
0 0.337890625 0.4986979171875 0.3134765625 0.4817708328125 0.234375 0.51171875 0.2431640625 0.5520833328125 0.2734375 0.5559895828125 0.3330078125 0.5182291671875 0.337890625 0.4986979171875
0 0.783203125 0.23828125 0.7138671875 0.2265625 0.6845703125 0.2708333328125 0.6552734375 0.2682291671875 0.6435546875 0.2421875 0.599609375 0.23828125 0.6181640625 0.2890625 0.650390625 0.2981770828125 0.7490234375 0.2838541671875 0.783203125 0.23828125