0 0.0791015625 0.3385416671875 0.0458984375 0.3359375 0.021484375 0.3580729171875 0.0302734375 0.390625 0.068359375 0.39453125 0.099609375 0.3763020828125 0.0791015625 0.3385416671875
0 0.46484375 0.9153645828125001 0.4267578125 0.8854166671874999 0.40234375 0.9309895828125001 0.4140625 0.94921875 0.4599609375 0.9427083328125001 0.46484375 0.9153645828125001
0 0 0.7513020828125 0.0234375 0.7591145828125 0.1064453125 0.7057291671875 0.1240234375 0.65625 0.1513671875 0.6770833328125 0.1806640625 0.671875 0.19140625 0.59765625 0.1494140625 0.578125 0.0126953125 0.6223958328125 0 0.6393229171875 0 0.7513020828125
0 0.4072265625 0.734375 0.453125 0.6940104171875 0.4345703125 0.6484375 0.4560546875 0.65625 0.4599609375 0.6770833328125 0.4794921875 0.6770833328125 0.5078125 0.65234375 0.5078125 0.6263020828125 0.4755859375 0.5989583328125 0.4384765625 0.59375 0.4189453125 0.5989583328125 0.3974609375 0.6354166671875 0.3310546875 0.6666666671875 0.29296875 0.63671875 0.29296875 0.58984375 0.328125 0.5872395828125 0.30078125 0.6002604171875 0.3076171875 0.6328125 0.3623046875 0.6328125 0.36328125 0.59765625 0.3154296875 0.5677083328125 0.2841796875 0.5625 0.2724609375 0.5807291671875 0.2626953125 0.5677083328125 0.2607421875 0.59375 0.2783203125 0.6015625 0.2890625 0.5872395828125 0.2900390625 0.6223958328125 0.2783203125 0.6041666671875 0.2314453125 0.59375 0.193359375 0.6236979171875 0.19140625 0.65234375 0.2021484375 0.6953125 0.2197265625 0.6979166671875 0.2431640625 0.7369791671875 0.267578125 0.73828125 0.3232421875 0.71875 0.4072265625 0.734375
0 0.8349609375 0.6067708328125 0.845703125 0.5638020828125 0.89453125 0.52734375 0.8740234375 0.5026041671875 0.8408203125 0.515625 0.7626953125 0.4973958328125 0.7080078125 0.5520833328125 0.69140625 0.5924479171875 0.7060546875 0.6197916671875 0.734375 0.6184895828125 0.7607421875 0.5989583328125 0.8349609375 0.6067708328125
0 0.7041015625 0.6223958328125 0.6611328125 0.6067708328125 0.60546875 0.63671875 0.6103515625 0.6744791671875 0.673828125 0.7044270828125 0.70703125 0.6653645828125 0.7041015625 0.6223958328125
0 0.630859375 0.69921875 0.5908203125 0.6510416671875 0.5595703125 0.6458333328125 0.5380859375 0.671875 0.4892578125 0.6770833328125 0.4814453125 0.7005208328125 0.41015625 0.7122395828125 0.4287109375 0.7526041671875 0.51953125 0.7747395828125 0.6201171875 0.7265625 0.630859375 0.69921875
0 0.7421875 0.87109375 0.7041015625 0.8125 0.6689453125 0.8072916671874999 0.6552734375 0.8255208328125001 0.6416015625 0.7864583328125 0.6279296875 0.84375 0.6044921875 0.8203125 0.5771484375 0.8255208328125001 0.5625 0.8502604171874999 0.5693359375 0.8697916671874999 0.6357421875 0.8723958328125001 0.66796875 0.91796875 0.7216796875 0.8984375 0.7421875 0.87109375
0 0.919921875 0.40234375 0.8369140625 0.3958333328125 0.7958984375 0.3723958328125 0.720703125 0.3971354171875 0.7275390625 0.4244791671875 0.7841796875 0.4661458328125 0.78125 0.4518229171875 0.7998046875 0.4427083328125 0.7939453125 0.4635416671875 0.8076171875 0.453125 0.8271484375 0.4921875 0.84375 0.4908854171875 0.9189453125 0.421875 0.919921875 0.40234375
0 0.3173828125 0.4765625 0.330078125 0.4518229171875 0.3134765625 0.4270833328125 0.295983271875 0.4211027203125 0.38671875 0.38671875 0.3759765625 0.3645833328125 0.341796875 0.3528645828125 0.3427734375 0.3046875 0.2705078125 0.3541666671875 0.2333984375 0.3203125 0.1640625 0.34765625 0.1806640625 0.3880208328125 0.2265625 0.40234375 0.212890625 0.4231770828125 0.228515625 0.4440104171875 0.22265625 0.4830729171875 0.259765625 0.5065104171875 0.279296875 0.4934895828125 0.2900390625 0.4557291671875 0.3173828125 0.4765625
0 0.54296875 0.4752604171875 0.5048828125 0.4270833328125 0.4208984375 0.4375 0.400390625 0.4700520828125 0.4072265625 0.5182291671875 0.486328125 0.5377604171875 0.5302734375 0.5052083328125 0.54296875 0.4752604171875
0 0.5966796875 0.5286458328125 0.5224609375 0.5130208328125 0.486328125 0.54296875 0.4912109375 0.5651041671875 0.5244140625 0.578125 0.5693359375 0.5572916671875 0.62109375 0.6028645828125 0.642578125 0.57421875 0.5966796875 0.5286458328125
0 0.7080078125 0.4010416671875 0.6376953125 0.359375 0.5673828125 0.3463541671875 0.53515625 0.3580729171875 0.5400390625 0.375 0.6083984375 0.4114583328125 0.693359375 0.4231770828125 0.712890625 0.41796875 0.7080078125 0.4010416671875
0 0.7255859375 0.46875 0.6533203125 0.4713541671875 0.63671875 0.49609375 0.720703125 0.5247395828125 0.744140625 0.4986979171875 0.7255859375 0.46875
0 0.015625 0.43359375 0.0302734375 0.4635416671875 0.0849609375 0.4661458328125 0.130859375 0.4934895828125 0.1240234375 0.40625 0.015625 0.43359375
0 0.185546875 0.55859375 0.1962890625 0.5520833328125 0.2080078125 0.5677083328125 0.2109375 0.5377604171875 0.1787109375 0.5286458328125 0.1552734375 0.4973958328125 0.11328125 0.51953125 0.1201171875 0.5572916671875 0.185546875 0.5690104171875 0.203125 0.56640625 0.185546875 0.55859375
0 0.11328125 0.54296875 0.0771484375 0.5286458328125 0 0.53515625 0.0009765625 0.5859375 0.0283203125 0.578125 0.0625 0.59765625 0.1103515625 0.5833333328125 0.11328125 0.54296875
0 0.3974609375 0.7916666671875 0.4384765625 0.8229166671874999 0.470703125 0.7825520828125 0.4462890625 0.765625 0.4130859375 0.7864583328125 0.3798828125 0.7526041671875 0.3076171875 0.734375 0.267578125 0.75390625 0.2685546875 0.7942708328125 0.3173828125 0.7838541671875 0.3408203125 0.8203125 0.369140625 0.82421875 0.3779296875 0.796875 0.3974609375 0.7916666671875
0 0.423828125 0.8658854171874999 0.4189453125 0.8385416671874999 0.3271484375 0.828125 0.30859375 0.83984375 0.3095703125 0.8697916671874999 0.380859375 0.9127604171874999 0.40625 0.9075520828125001 0.423828125 0.8658854171874999
0 0.7294921875 0.9401041671874999 0.7353515625 0.9765625 0.740234375 0.96484375 0.736328125 0.94140625 0.7236328125 0.921875 0.6787109375 0.9140625 0.66796875 0.9309895828125001 0.673828125 0.9700520828125001 0.654296875 0.99609375 0.716796875 0.9986979171874999 0.732421875 0.9830729171874999 0.7294921875 0.9401041671874999
0 0.904296875 0.8919270828125001 0.919921875 0.87109375 0.892578125 0.8372395828125001 0.91015625 0.80859375 0.9033203125 0.7838541671875 0.8818359375 0.765625 0.8466796875 0.7734375 0.830078125 0.7903645828125 0.8330078125 0.8203125 0.8095703125 0.796875 0.765625 0.7903645828125 0.74609375 0.87890625 0.7529296875 0.8958333328125001 0.8056640625 0.8802083328125001 0.8828125 0.92578125 0.91015625 0.9049479171874999 0.904296875 0.8919270828125001