0 0.06999999999999999 0.519417475 0.0566666671875 0.5582524265625 0.1166666671875 0.587378640625 0.1633333328125 0.587378640625 0.1766666671875 0.567961165625 0.16999999999999998 0.50485436875 0.11333333281249999 0.4902912625 0.06999999999999999 0.519417475
0 0.2033333328125 0.601941746875 0.21000000000000002 0.6990291265625 0.2533333328125 0.733009709375 0.29333333281249996 0.733009709375 0.3366666671875 0.660194175 0.3366666671875 0.6262135921875001 0.3066666671875 0.587378640625 0.2366666671875 0.572815534375 0.2033333328125 0.601941746875
0 0.1633333328125 0.45145631093749994 0.1633333328125 0.48543689375000004 0.1866666671875 0.51456310625 0.2166666671875 0.5097087375 0.2366666671875 0.4660194171875 0.19 0.432038834375 0.1633333328125 0.45145631093749994
0 0.29333333281249996 0.5242718453124999 0.2733333328125 0.563106796875 0.3633333328125 0.601941746875 0.4066666671875 0.597087378125 0.4233333328125 0.5582524265625 0.42000000000000004 0.5291262140625 0.3933333328125 0.4757281546875 0.37666666718749997 0.47087378593749996 0.29333333281249996 0.5242718453124999
1 0.3166666671875 0.2864077671875 0.3333333328125 0.35922330156250004 0.37 0.3786407765625 0.42000000000000004 0.3737864078125 0.4166666671875 0.30582524218749996 0.43333333281249997 0.266990290625 0.35 0.262135921875 0.3166666671875 0.2864077671875
1 0.46333333281250005 0.2135922328125 0.44000000000000006 0.2718446609375 0.4533333328125 0.2961165046875 0.5066666671875 0.32038835 0.5333333328125 0.31553398125 0.61 0.24757281562500003 0.61 0.2184466015625 0.5866666671874999 0.1990291265625 0.48666666718749996 0.1990291265625 0.46333333281250005 0.2135922328125
1 0.5666666671875 0.3689320390625 0.5466666671875 0.398058253125 0.5533333328125 0.432038834375 0.6233333328125 0.46116504843749995 0.6566666671875 0.3689320390625 0.6166666671875001 0.35922330156250004 0.5666666671875 0.3689320390625
1 0.6733333328125 0.2184466015625 0.65 0.24757281562500003 0.6533333328125 0.2961165046875 0.6799999999999999 0.31553398125 0.7566666671875 0.2912621359375 0.8 0.3009708734375 0.7966666671875 0.1990291265625 0.7633333328125 0.1941747578125 0.6733333328125 0.2184466015625
1 0.7166666671875 0.46116504843749995 0.72 0.480582525 0.7466666671875 0.48543689375000004 0.79 0.436893203125 0.7966666671875 0.3883495140625 0.78 0.3689320390625 0.73 0.3640776703125 0.7166666671875 0.46116504843749995
1 0.8366666671875 0.48543689375000004 0.86 0.592233009375 0.9 0.582524271875 0.9566666671874999 0.5339805828124999 0.9233333328125 0.46116504843749995 0.8699999999999999 0.44174757343750004 0.8366666671875 0.48543689375000004
1 0.8266666671875 0.16504854375 0.8366666671875 0.2184466015625 0.8866666671875001 0.2961165046875 0.9033333328125 0.23786407812500002 0.9 0.16504854375 0.8466666671875 0.14563106718750002 0.8266666671875 0.16504854375
1 0.41333333281250006 0.4466019421875 0.4 0.47087378593749996 0.43 0.519417475 0.5066666671875 0.563106796875 0.5366666671875 0.5582524265625 0.5566666671875 0.48543689375000004 0.5533333328125 0.45145631093749994 0.4733333328125 0.436893203125 0.41333333281250006 0.4466019421875