0 0.67 0.432038834375 0.7733333328125 0.49514563125000005 0.9166666671874999 0.4757281546875 0.9033333328125 0.432038834375 0.8633333328124999 0.407766990625 0.8166666671874999 0.3883495140625 0.7366666671875 0.3883495140625 0.67 0.432038834375
0 0.6900000000000001 0.5485436890625001 0.7066666671874999 0.6262135921875001 0.7333333328125 0.6456310671875001 0.7766666671875 0.6067961171875 0.78 0.5533980578125 0.7533333328125 0.51456310625 0.7133333328125 0.5097087375 0.6900000000000001 0.5485436890625001
0 0.5599999999999999 0.6067961171875 0.5700000000000001 0.67961165 0.6033333328125 0.7038834953124999 0.6033333328125 0.742718446875 0.6366666671875 0.737864078125 0.6633333328125001 0.6893203890625 0.6666666671875 0.6165048546875 0.5866666671874999 0.587378640625 0.5599999999999999 0.6067961171875
0 0.5700000000000001 0.5242718453124999 0.5833333328125 0.5339805828124999 0.6566666671875 0.51456310625 0.5766666671875 0.48543689375000004 0.5700000000000001 0.5242718453124999
1 0.12 0.46116504843749995 0.1766666671875 0.4660194171875 0.19 0.45145631093749994 0.18 0.412621359375 0.13333333281249998 0.398058253125 0.12 0.46116504843749995
1 0.1633333328125 0.3786407765625 0.25666666718750003 0.4466019421875 0.2966666671875 0.4466019421875 0.3133333328125 0.427184465625 0.3133333328125 0.35436893281250004 0.30333333281249997 0.31553398125 0.27999999999999997 0.31067961093749996 0.1633333328125 0.3786407765625
1 0.2066666671875 0.50485436875 0.18 0.5582524265625 0.25666666718750003 0.6213592234374999 0.2966666671875 0.6165048546875 0.3233333328125 0.5291262140625 0.3066666671875 0.50485436875 0.26 0.4902912625 0.2066666671875 0.50485436875
1 0.36 0.35436893281250004 0.37333333281250003 0.407766990625 0.43666666718749997 0.432038834375 0.45 0.31553398125 0.37333333281250003 0.3009708734375 0.36 0.35436893281250004
1 0.3566666671875 0.4902912625 0.3433333328125 0.5339805828124999 0.37333333281250003 0.572815534375 0.4533333328125 0.572815534375 0.49000000000000005 0.5388349515625 0.4766666671875 0.48543689375000004 0.3866666671875 0.47087378593749996 0.3566666671875 0.4902912625
1 0.0166666671875 0.582524271875 0.0366666671875 0.68446601875 0.08333333281250001 0.6504854375 0.13999999999999999 0.6456310671875001 0.1433333328125 0.592233009375 0.13333333281249998 0.577669903125 0.0733333328125 0.567961165625 0.0166666671875 0.582524271875
1 0.0366666671875 0.3883495140625 0.03 0.407766990625 0.03 0.45145631093749994 0.05 0.480582525 0.0866666671875 0.47087378593749996 0.12 0.432038834375 0.1166666671875 0.412621359375 0.06999999999999999 0.3786407765625 0.0366666671875 0.3883495140625
1 0.3966666671875 0.2815533984375 0.37333333281250003 0.3009708734375 0.37 0.3300970875 0.41333333281250006 0.3640776703125 0.4933333328125 0.3495145625 0.5466666671875 0.3689320390625 0.61 0.35436893281250004 0.6266666671875 0.3300970875 0.6233333328125 0.2718446609375 0.53 0.266990290625 0.3966666671875 0.2815533984375
1 0.0566666671875 0.733009709375 0.0533333328125 0.8058252421875001 0.10333333281249998 0.9223300968749999 0.08333333281250001 0.9611650484375 0.11333333281249999 0.980582525 0.14666666718750002 0.927184465625 0.1533333328125 0.737864078125 0.13999999999999999 0.6941747578124999 0.0933333328125 0.6699029125 0.0566666671875 0.733009709375