0 0.1533333328125 0.42222222187499997 0.16999999999999998 0.44888888906249996 0.18 0.40444444375 0.1633333328125 0.3911111109375 0.1533333328125 0.42222222187499997
0 0.16999999999999998 0.6 0.1866666671875 0.63555555625 0.22999999999999998 0.63555555625 0.26 0.577777778125 0.26 0.5288888890625 0.23333333281250002 0.4888888890625 0.19 0.47555555624999996 0.16999999999999998 0.6
0 0.25666666718750003 0.71555555625 0.25 0.7466666671875 0.2733333328125 0.8 0.38 0.8133333328125 0.38333333281250004 0.7022222218749999 0.32 0.6888888890625 0.25666666718750003 0.71555555625
0 0.2533333328125 0.3866666671875 0.24 0.43555555625000003 0.2866666671875 0.497777778125 0.3433333328125 0.502222221875 0.37666666718749997 0.44888888906249996 0.38333333281250004 0.40888888906250004 0.3466666671875 0.36444444374999996 0.30333333281249997 0.36 0.2533333328125 0.3866666671875
0 0.4066666671875 0.5822222218750001 0.4033333328125 0.64444444375 0.4233333328125 0.6977777781250001 0.47000000000000003 0.7288888890624999 0.51 0.662222221875 0.5133333328125 0.6133333328125 0.48666666718749996 0.5511111109375 0.45 0.542222221875 0.4066666671875 0.5822222218750001
0 0.18 0.12444444375 0.1666666671875 0.16 0.21000000000000002 0.21777777812500002 0.3333333328125 0.24444444375000002 0.37 0.19555555625 0.42000000000000004 0.16444444375 0.43333333281249997 0.13333333281249998 0.4233333328125 0.12 0.3166666671875 0.1111111109375 0.18 0.12444444375
0 0.4966666671875 0.3911111109375 0.5066666671875 0.5066666671875 0.5433333328125001 0.5377777781249999 0.61 0.5288888890625 0.6233333328125 0.4933333328125 0.6233333328125 0.4266666671875 0.5633333328125001 0.377777778125 0.4966666671875 0.3911111109375
0 0.58 0.6488888890625 0.5866666671874999 0.79555555625 0.62 0.8222222218749999 0.7266666671875 0.7022222218749999 0.6933333328125 0.64444444375 0.6366666671875 0.64 0.6033333328125 0.6133333328125 0.58 0.6488888890625
0 0.7066666671874999 0.5066666671875 0.71 0.5733333328125 0.7233333328125 0.5822222218750001 0.7433333328125 0.657777778125 0.8 0.6133333328125 0.8233333328124999 0.5599999999999999 0.8133333328125 0.48444444375 0.7766666671875 0.44000000000000006 0.7533333328125 0.44000000000000006 0.7066666671874999 0.5066666671875
0 0.6599999999999999 0.27555555625 0.6666666671875 0.32 0.7133333328125 0.36 0.79 0.3466666671875 0.8066666671875 0.3288888890625 0.8099999999999999 0.262222221875 0.7933333328125001 0.23555555625000002 0.7066666671874999 0.222222221875 0.6599999999999999 0.27555555625
0 0.4266666671875 0.23555555625000002 0.41333333281250006 0.27999999999999997 0.46333333281250005 0.36444444374999996 0.48666666718749996 0.36444444374999996 0.5266666671875 0.3288888890625 0.5466666671875 0.24444444375000002 0.46666666718750005 0.21777777812500002 0.4266666671875 0.23555555625000002
0 1 0.2666666671875 0.96 0.27999999999999997 0.9466666671875 0.3066666671875 0.9266666671875001 0.2711111109375 0.8833333328125 0.24 0.8766666671875001 0.35111111093749997 0.8933333328125 0.377777778125 0.96 0.377777778125 1 0.35111111093749997 1 0.2666666671875
0 0.755859375 0.83203125 0.7490234375 0.7890625 0.8232421875 0.8072916671874999 0.818359375 0.76953125 0.8564453125 0.7447916671875 0.87890625 0.69921875 0.8515625 0.6497395828125 0.87890625 0.6263020828125 0.904296875 0.5690104171875 0.8828125 0.5325520828125 0.8828125 0.49609375 0.8349609375 0.4635416671875 0.7939453125 0.4661458328125 0.7744140625 0.4375 0.7470703125 0.4375 0.7080078125 0.4036458328125 0.6396484375 0.3880208328125 0.6201171875 0.4192708328125 0.5888671875 0.4088541671875 0.5693359375 0.3723958328125 0.5478515625 0.3880208328125 0.5361328125 0.3671875 0.4208984375 0.3828125 0.2412109375 0.34375 0.2177734375 0.3645833328125 0.1552734375 0.359375 0.1259765625 0.3802083328125 0.103515625 0.4388020828125 0.193359375 0.5455729171875 0.169921875 0.5924479171875 0.208984375 0.7278645828125 0.212890625 0.8424479171874999 0.2822265625 0.8958333328125001 0.3505859375 0.9114583328125001 0.5048828125 0.9010416671874999 0.517578125 0.9205729171874999 0.6943359375 0.8854166671874999 0.755859375 0.83203125
0 1 0.48828125 0.9990234375 0.21875 0.9638671875 0.2526041671875 0.9443359375 0.23177083281250002 0.9169921875 0.2421875 0.8759765625 0.22395833281250002 0.865234375 0.1809895828125 0.8349609375 0.15625 0.7900390625 0.1588541671875 0.7763671875 0.1770833328125 0.7646484375 0.15625 0.7294921875 0.1536458328125 0.6904296875 0.1770833328125 0.6083984375 0.15625 0.5712890625 0.20572916718749998 0.552734375 0.1966145828125 0.548828125 0.2721354171875 0.6025390625 0.3203125 0.6279296875 0.3229166671875 0.6552734375 0.3776041671875 0.7333984375 0.4010416671875 0.7958984375 0.4583333328125 0.8408203125 0.453125 0.9140625 0.5169270828125 0.9248046875 0.5 1 0.48828125
0 0.521484375 0.3190104171875 0.515625 0.2903645828125 0.4814453125 0.2760416671875 0.4501953125 0.2109375 0.3955078125 0.24479166718749998 0.3525390625 0.23958333281250002 0.2890625 0.2955729171875 0.291015625 0.33203125 0.3212890625 0.3515625 0.431640625 0.37109375 0.4794921875 0.3697916671875 0.521484375 0.3190104171875
0 0.56640625 0.1940104171875 0.5205078125 0.1536458328125 0.4697265625 0.1666666671875 0.453125 0.22526041718749998 0.4814453125 0.2786458328125 0.525390625 0.2981770828125 0.552734375 0.2747395828125 0.56640625 0.1940104171875
0 0.4443359375 0.1119791671875 0.4580078125 0.1588541671875 0.5009765625 0.15625 0.513671875 0.1341145828125 0.5078125 0.1002604171875 0.4580078125 0.06510416718749999 0.3603515625 0.08072916718749999 0.2255859375 0.06510416718749999 0.1787109375 0.0703125 0.150390625 0.1106770828125 0.15234375 0.14453125 0.2080078125 0.20833333281250002 0.34765625 0.22526041718749998 0.4248046875 0.1692708328125 0.4443359375 0.1119791671875