0 0.06 0.30222222187500003 0.03 0.36444444374999996 0.0333333328125 0.41333333281250006 0.06 0.44444444375 0.10333333281249998 0.44444444375 0.13333333281249998 0.39555555625 0.12 0.3066666671875 0.09 0.29333333281249996 0.06 0.30222222187500003
0 0.12 0.6133333328125 0.1066666671875 0.6488888890625 0.1233333328125 0.7333333328125 0.21000000000000002 0.7511111109375 0.22999999999999998 0.7244444437500001 0.2166666671875 0.617777778125 0.15 0.5911111109375 0.12 0.6133333328125
0 0.24333333281249997 0.5111111109375 0.25 0.6088888890625 0.33999999999999997 0.6266666671875 0.33999999999999997 0.5111111109375 0.32 0.4933333328125 0.27 0.4888888890625 0.24333333281249997 0.5111111109375
0 0.47000000000000003 0.48444444375 0.47000000000000003 0.5466666671875 0.5433333328125001 0.542222221875 0.5433333328125001 0.47555555624999996 0.49000000000000005 0.43555555625000003 0.47000000000000003 0.48444444375
0 0.2533333328125 0.71555555625 0.25666666718750003 0.7466666671875 0.2966666671875 0.7866666671875 0.38 0.7911111109375 0.4166666671875 0.8133333328125 0.4266666671875 0.7866666671875 0.42000000000000004 0.7022222218749999 0.3333333328125 0.67555555625 0.2533333328125 0.71555555625
0 0.5366666671875 0.622222221875 0.52 0.6666666671875 0.5033333328125 0.6533333328125 0.44666666718750003 0.6666666671875 0.44333333281250004 0.6933333328125 0.5033333328125 0.7466666671875 0.62 0.742222221875 0.64 0.6711111109375001 0.5733333328125 0.6133333328125 0.5366666671875 0.622222221875
0 0.6366666671875 0.377777778125 0.5766666671875 0.377777778125 0.5666666671875 0.3911111109375 0.5766666671875 0.4711111109375 0.63 0.5333333328125 0.6433333328125 0.5333333328125 0.6533333328125 0.4888888890625 0.6766666671875 0.48 0.6799999999999999 0.36444444374999996 0.6566666671875 0.35555555625 0.6366666671875 0.377777778125
0 0.3433333328125 0.1911111109375 0.24666666718750002 0.27999999999999997 0.25 0.31555555625 0.27999999999999997 0.35555555625 0.27999999999999997 0.39555555625 0.3133333328125 0.4266666671875 0.36 0.36444444374999996 0.38 0.36444444374999996 0.4166666671875 0.32444444375 0.41 0.23555555625000002 0.4233333328125 0.18222222187499998 0.39 0.17333333281250002 0.3433333328125 0.1911111109375
0 0.42000000000000004 0.04444444375 0.37666666718749997 0.08 0.3966666671875 0.08444444375 0.4266666671875 0.13333333281249998 0.58 0.142222221875 0.61 0.1066666671875 0.6233333328125 0.057777778125 0.5900000000000001 0.0311111109375 0.54 0.022222221875 0.42000000000000004 0.04444444375
0 0.5700000000000001 0.24 0.55 0.27555555625 0.6333333328124999 0.297777778125 0.6866666671874999 0.29333333281249996 0.6933333328125 0.23555555625000002 0.6566666671875 0.20444444375 0.5700000000000001 0.24
0 0.6884765625 0.7838541671875 0.7138671875 0.7473958328125 0.7626953125 0.7317708328125 0.79296875 0.69140625 0.80859375 0.6497395828125 0.78515625 0.5533854171875 0.791015625 0.3997395828125 0.759765625 0.3580729171875 0.802734375 0.2825520828125 0.8154296875 0.21354166718749998 0.7509765625 0.1770833328125 0.6884765625 0.20833333281250002 0.6591796875 0.1979166671875 0.4951171875 0.3151041671875 0.4619140625 0.3203125 0.4501953125 0.3385416671875 0.3876953125 0.3411458328125 0.3798828125 0.3645833328125 0.3583984375 0.3619791671875 0.34765625 0.40234375 0.3212890625 0.4270833328125 0.2880859375 0.4088541671875 0.2236328125 0.4557291671875 0.177734375 0.5091145828125 0.1630859375 0.5494791671875 0.1357421875 0.5546875 0.095703125 0.6028645828125 0.103515625 0.6497395828125 0.087890625 0.6731770828125 0.091796875 0.6966145828125 0.1298828125 0.7421875 0.16015625 0.75390625 0.142578125 0.7747395828125 0.1435546875 0.8072916671874999 0.1728515625 0.8359375 0.2158203125 0.84375 0.2197265625 0.8828125 0.2939453125 0.8359375 0.294921875 0.8763020828125001 0.3154296875 0.875 0.3212890625 0.9010416671874999 0.37109375 0.8997395828125001 0.4267578125 0.8958333328125001 0.6884765625 0.7838541671875
0 0.607421875 0.1783854171875 0.5341796875 0.1458333328125 0.4970703125 0.1640625 0.4052734375 0.1354166671875 0.37890625 0.15234375 0.3994140625 0.2604166671875 0.5234375 0.2825520828125 0.6083984375 0.21614583281250002 0.607421875 0.1783854171875
0 0 0.5924479171875 0.0283203125 0.5859375 0.08203125 0.6106770828125 0.1181640625 0.5546875 0.169921875 0.52734375 0.2177734375 0.4270833328125 0.2470703125 0.4244791671875 0.27734375 0.39453125 0.28515625 0.3059895828125 0.2939453125 0.2994791671875 0.3037109375 0.3203125 0.318359375 0.2747395828125 0.3203125 0.20963541718749998 0.3037109375 0.1927083328125 0.2861328125 0.20572916718749998 0.2705078125 0.1770833328125 0.1962890625 0.22916666718749998 0.1494140625 0.22395833281250002 0.1220703125 0.2421875 0.1142578125 0.2682291671875 0.0595703125 0.265625 0.033203125 0.3033854171875 0.029296875 0.34765625 0 0.37890625 0 0.5924479171875
0 0.6591796875 0.05989583281250001 0.6875 0.006510417187500001 0.4365234375 0.0052083328125 0.3876953125 0.0260416671875 0.3515625 0.07942708281250001 0.3564453125 0.1328125 0.4013671875 0.125 0.48828125 0.1497395828125 0.5654296875 0.1380208328125 0.6591796875 0.05989583281250001