0 0.0433333328125 0.2311111109375 0.0433333328125 0.262222221875 0.08333333281250001 0.29333333281249996 0.1 0.2266666671875 0.0866666671875 0.2 0.0633333328125 0.19555555625 0.0433333328125 0.2311111109375
0 0.13999999999999999 0.502222221875 0.1666666671875 0.6711111109375001 0.18 0.6888888890625 0.1766666671875 0.72 0.2066666671875 0.6666666671875 0.24333333281249997 0.657777778125 0.2166666671875 0.5377777781249999 0.2233333328125 0.43555555625000003 0.2133333328125 0.4266666671875 0.13999999999999999 0.502222221875
0 0.16 0.2533333328125 0.1433333328125 0.28444444375 0.14666666718750002 0.31555555625 0.3 0.3333333328125 0.3333333328125 0.3066666671875 0.3366666671875 0.2888888890625 0.32 0.27999999999999997 0.3066666671875 0.2311111109375 0.21000000000000002 0.2133333328125 0.16 0.2533333328125
0 0.3966666671875 0.262222221875 0.4033333328125 0.337777778125 0.3933333328125 0.37333333281250003 0.4066666671875 0.40444444375 0.5233333328125 0.37333333281250003 0.52 0.342222221875 0.5533333328125 0.27555555625 0.55 0.257777778125 0.4966666671875 0.23555555625000002 0.41333333281250006 0.23555555625000002 0.3966666671875 0.262222221875
0 0.24333333281249997 0.4888888890625 0.22999999999999998 0.52444444375 0.2666666671875 0.542222221875 0.3266666671875 0.617777778125 0.37 0.6266666671875 0.3866666671875 0.502222221875 0.37 0.46666666718750005 0.33999999999999997 0.462222221875 0.24333333281249997 0.4888888890625
0 0.3266666671875 0.777777778125 0.3633333328125 0.8400000000000001 0.47000000000000003 0.8577777781249999 0.48666666718749996 0.8222222218749999 0.49000000000000005 0.7733333328125 0.4533333328125 0.7288888890624999 0.4033333328125 0.72 0.36666666718749996 0.7333333328125 0.2366666671875 0.7022222218749999 0.2533333328125 0.737777778125 0.3266666671875 0.777777778125
0 0.4266666671875 0.52 0.4266666671875 0.6044444437500001 0.44333333281250004 0.6311111109375 0.4933333328125 0.63555555625 0.5266666671875 0.59555555625 0.5366666671875 0.5377777781249999 0.4966666671875 0.497777778125 0.46666666718750005 0.497777778125 0.4266666671875 0.52
0 0.6033333328125 0.4933333328125 0.6033333328125 0.59555555625 0.6266666671875 0.617777778125 0.67 0.6088888890625 0.6833333328125 0.5511111109375 0.7033333328125 0.5288888890625 0.67 0.4888888890625 0.6133333328125 0.48 0.6033333328125 0.4933333328125
0 0.5333333328125 0.6933333328125 0.51 0.8044444437499999 0.5266666671875 0.8266666671875 0.6 0.8355555562499999 0.61 0.79555555625 0.6466666671875 0.75555555625 0.6466666671875 0.6977777781250001 0.61 0.67555555625 0.5633333328125001 0.67555555625 0.5333333328125 0.6933333328125
0 0.74 0.4533333328125 0.7433333328125 0.5511111109375 0.7733333328125 0.6088888890625 0.8266666671875 0.622222221875 0.9233333328125 0.5511111109375 0.8800000000000001 0.46666666718750005 0.76 0.4311111109375 0.74 0.4533333328125
0 0.6533333328125 0.2133333328125 0.6566666671875 0.24444444375000002 0.6900000000000001 0.27999999999999997 0.8733333328124999 0.27555555625 0.9 0.24 0.9 0.20888888906249997 0.8833333328125 0.1911111109375 0.7 0.18222222187499998 0.6533333328125 0.2133333328125
0 0.77734375 0.81640625 0.810546875 0.76171875 0.810546875 0.7174479171875 0.83203125 0.6888020828125 0.818359375 0.63671875 0.900390625 0.56640625 0.8828125 0.5455729171875 0.8896484375 0.5208333328125 0.9091796875 0.53125 0.908203125 0.5169270828125 0.8779296875 0.4661458328125 0.8134765625 0.4557291671875 0.7822265625 0.4270833328125 0.5595703125 0.4244791671875 0.5048828125 0.390625 0.4814453125 0.40625 0.4716796875 0.3880208328125 0.4443359375 0.421875 0.4287109375 0.4088541671875 0.4072265625 0.4192708328125 0.3916015625 0.3880208328125 0.3330078125 0.3880208328125 0.2998046875 0.4166666671875 0.2548828125 0.40625 0.2333984375 0.4296875 0.1865234375 0.4192708328125 0.138671875 0.44921875 0.140625 0.47265625 0.11328125 0.51953125 0.154296875 0.6080729171875 0.1298828125 0.6171875 0.1171875 0.6471354171875 0.134765625 0.69140625 0.169921875 0.72265625 0.1630859375 0.7630208328125 0.2353515625 0.7604166671875 0.224609375 0.8033854171874999 0.24609375 0.81640625 0.24609375 0.8346354171874999 0.3330078125 0.9010416671874999 0.5166015625 0.9244791671874999 0.6064453125 0.9609375 0.6474609375 0.9453125 0.69921875 0.9596354171874999 0.763671875 0.9205729171874999 0.77734375 0.81640625
0 0.748046875 0.37109375 0.6943359375 0.3046875 0.6513671875 0.2994791671875 0.5966796875 0.234375 0.5576171875 0.234375 0.541015625 0.2669270828125 0.552734375 0.2747395828125 0.541015625 0.27734375 0.517578125 0.3424479171875 0.53515625 0.3919270828125 0.5556640625 0.4140625 0.638671875 0.4231770828125 0.7392578125 0.4140625 0.748046875 0.37109375
0 0.1923828125 0.375 0.21484375 0.37890625 0.203125 0.3893229171875 0.21875 0.39453125 0.2041015625 0.4036458328125 0.2314453125 0.390625 0.2451171875 0.40625 0.3076171875 0.3697916671875 0.3798828125 0.3697916671875 0.4267578125 0.2864583328125 0.4384765625 0.3098958328125 0.45703125 0.2903645828125 0.4580078125 0.24479166718749998 0.46875 0.2591145828125 0.4609375 0.2799479171875 0.4765625 0.2877604171875 0.486328125 0.23567708281250002 0.478515625 0.20703125 0.45703125 0.19921875 0.4580078125 0.1692708328125 0.3681640625 0.1692708328125 0.3330078125 0.1354166671875 0.2822265625 0.1484375 0.2333984375 0.1171875 0.1982421875 0.1328125 0.1806640625 0.171875 0.1376953125 0.1901041671875 0.1083984375 0.1744791671875 0.064453125 0.26171875 0.107421875 0.3815104171875 0.140625 0.42578125 0.1943359375 0.4036458328125 0.1923828125 0.375
0 0.8994140625 0.2604166671875 0.908203125 0.21744791718749998 0.892578125 0.18359375 0.8486328125 0.1588541671875 0.7099609375 0.1458333328125 0.6220703125 0.109375 0.5751953125 0.1223958328125 0.55078125 0.15234375 0.55078125 0.1888020828125 0.5947265625 0.20833333281250002 0.6015625 0.24088541718749998 0.6474609375 0.2890625 0.7197265625 0.3177083328125 0.765625 0.31640625 0.8408203125 0.3072916671875 0.8994140625 0.2604166671875
0 0.07497970781249999 0.4185436953125 0.05859375 0.36328125 0.078125 0.3138020828125 0.056640625 0.2513020828125 0.0859375 0.1888020828125 0.0654296875 0.1458333328125 0.0009765625 0.1302083328125 0.0078125 0.5559895828125 0.0498046875 0.5338541671875 0.07421875 0.48828125 0.0703125 0.4309895828125 0.07497970781249999 0.4185436953125