0 0.1366666671875 0.17333333281250002 0.1266666671875 0.20444444375 0.1533333328125 0.2311111109375 0.22000000000000003 0.2488888890625 0.2866666671875 0.2311111109375 0.27 0.17333333281250002 0.21000000000000002 0.15555555625 0.1366666671875 0.17333333281250002
0 0.13 0.44000000000000006 0.0866666671875 0.4888888890625 0.1666666671875 0.6266666671875 0.22000000000000003 0.6133333328125 0.24 0.5822222218750001 0.2133333328125 0.44000000000000006 0.1866666671875 0.41777777812499994 0.13 0.44000000000000006
0 0.2533333328125 0.46666666718750005 0.2366666671875 0.46666666718750005 0.2733333328125 0.52 0.3466666671875 0.5333333328125 0.3866666671875 0.5066666671875 0.3933333328125 0.457777778125 0.37666666718749997 0.41777777812499994 0.3 0.41333333281250006 0.2533333328125 0.46666666718750005
0 0.1833333328125 0.6933333328125 0.19 0.737777778125 0.2766666671875 0.8355555562499999 0.30333333281249997 0.8266666671875 0.3266666671875 0.71555555625 0.3233333328125 0.6711111109375001 0.2266666671875 0.662222221875 0.1833333328125 0.6933333328125
0 0.36666666718749996 0.6088888890625 0.3633333328125 0.6711111109375001 0.3966666671875 0.7288888890624999 0.44000000000000006 0.7244444437500001 0.45999999999999996 0.6711111109375001 0.4533333328125 0.6088888890625 0.43333333281249997 0.5866666671874999 0.3866666671875 0.5866666671874999 0.36666666718749996 0.6088888890625
0 0.5133333328125 0.41777777812499994 0.4966666671875 0.43555555625000003 0.5033333328125 0.5733333328125 0.52 0.6044444437500001 0.5533333328125 0.617777778125 0.58 0.6088888890625 0.6133333328125 0.52444444375 0.6 0.42222222187499997 0.5733333328125 0.40888888906250004 0.5133333328125 0.41777777812499994
0 0.36 0.8311111109375 0.30333333281249997 0.8222222218749999 0.3 0.8400000000000001 0.3233333328125 0.8577777781249999 0.4066666671875 0.8577777781249999 0.42000000000000004 0.8711111109375 0.44666666718750003 0.862222221875 0.45 0.8311111109375 0.4733333328125 0.8177777781250001 0.46666666718750005 0.7911111109375 0.4 0.782222221875 0.36 0.8311111109375
0 0.52 0.7288888890624999 0.5 0.782222221875 0.5466666671875 0.8400000000000001 0.6333333328124999 0.8355555562499999 0.67 0.742222221875 0.6333333328124999 0.7066666671874999 0.58 0.6888888890625 0.52 0.7288888890624999
0 0.31 0.30222222187500003 0.2833333328125 0.3466666671875 0.3633333328125 0.3288888890625 0.44333333281250004 0.342222221875 0.48333333281249996 0.32 0.45999999999999996 0.257777778125 0.3933333328125 0.2488888890625 0.31 0.30222222187500003
0 0.52 0.2133333328125 0.4966666671875 0.23555555625000002 0.4566666671875 0.2266666671875 0.44666666718750003 0.2533333328125 0.5766666671875 0.32 0.6733333328125 0.3111111109375 0.6900000000000001 0.2133333328125 0.62 0.19555555625 0.52 0.2133333328125
0 0.65 0.457777778125 0.6733333328125 0.5555555562500001 0.7066666671874999 0.56444444375 0.7866666671875 0.5333333328125 0.79 0.48444444375 0.76 0.4711111109375 0.76 0.44000000000000006 0.6900000000000001 0.42222222187499997 0.65 0.457777778125
0 0.6966666671875 0.6266666671875 0.7 0.7111111109375 0.73 0.7244444437500001 0.7666666671875 0.6977777781250001 0.7833333328125 0.6133333328125 0.7133333328125 0.5911111109375 0.6966666671875 0.6266666671875
0 0.7966666671875 0.20444444375 0.7733333328125 0.24 0.7666666671875 0.30222222187500003 0.7766666671875 0.31555555625 0.8766666671875001 0.3333333328125 0.9466666671875 0.29333333281249996 0.9433333328125 0.2533333328125 0.9066666671875 0.222222221875 0.8400000000000001 0.2 0.7966666671875 0.20444444375
0 0.7431640625 0.8515625 0.74609375 0.8268229171874999 0.767578125 0.81640625 0.7548828125 0.7760416671875 0.8310546875 0.7838541671875 0.826171875 0.7434895828125 0.8828125 0.6731770828125 0.875 0.64453125 0.8515625 0.62890625 0.87890625 0.60546875 0.89453125 0.55078125 0.896484375 0.5221354171875 0.87109375 0.4622395828125 0.8037109375 0.4296875 0.7802734375 0.4427083328125 0.7138671875 0.390625 0.6259765625 0.3828125 0.6005859375 0.4166666671875 0.5732421875 0.4088541671875 0.5498046875 0.3776041671875 0.5322265625 0.3932291671875 0.5126953125 0.3776041671875 0.4619140625 0.4036458328125 0.4345703125 0.390625 0.3876953125 0.40625 0.2236328125 0.3880208328125 0.2001953125 0.4140625 0.1396484375 0.4140625 0.1064453125 0.4427083328125 0.0859375 0.5013020828125 0.185546875 0.59765625 0.166015625 0.6419270828125 0.18359375 0.6731770828125 0.18359375 0.7200520828125 0.216796875 0.7825520828125 0.224609375 0.8893229171874999 0.2880859375 0.9296875 0.423828125 0.93359375 0.6552734375 0.9010416671874999 0.7431640625 0.8515625
0 0.7294921875 0.2890625 0.7685546875 0.2682291671875 0.7783203125 0.24479166718749998 0.8125 0.22786458281250002 0.8310546875 0.1822916671875 0.83984375 0.1940104171875 0.837890625 0.16796875 0.7958984375 0.1328125 0.7587890625 0.140625 0.7451171875 0.1614583328125 0.7255859375 0.140625 0.6982421875 0.140625 0.6591796875 0.171875 0.5712890625 0.1588541671875 0.5400390625 0.203125 0.4853515625 0.1770833328125 0.43359375 0.20442708281250002 0.423828125 0.25390625 0.4423828125 0.28125 0.4970703125 0.3072916671875 0.5146484375 0.2890625 0.6015625 0.31640625 0.6513671875 0.2838541671875 0.7294921875 0.2890625
0 0.79296875 0.31640625 0.7705078125 0.2526041671875 0.7236328125 0.234375 0.62890625 0.24869791718749998 0.630859375 0.29296875 0.611328125 0.3268229171875 0.6376953125 0.375 0.7041015625 0.3802083328125 0.76171875 0.4075520828125 0.791015625 0.3528645828125 0.79296875 0.31640625
0 0.9990234375 0.1692708328125 0.9599609375 0.1770833328125 0.939453125 0.21223958281250002 0.955078125 0.2903645828125 0.9375 0.3528645828125 0.97265625 0.40234375 1 0.38671875 0.9990234375 0.1692708328125
0 0.3876953125 0.20052083281250002 0.4013671875 0.1640625 0.4228515625 0.1901041671875 0.4599609375 0.1848958328125 0.4765625 0.16796875 0.478515625 0.1393229171875 0.4599609375 0.1067708328125 0.4072265625 0.08854166718749999 0.3193359375 0.1145833328125 0.1708984375 0.1171875 0.1376953125 0.1276041671875 0.115234375 0.16015625 0.1171875 0.20442708281250002 0.1591796875 0.2526041671875 0.2265625 0.2643229171875 0.3271484375 0.2578125 0.3876953125 0.20052083281250002