0 0 0.20888888906249997 0.0066666671875 0.3111111109375 0.08333333281250001 0.3111111109375 0.1 0.21777777812500002 0.06 0.1911111109375 0 0.20888888906249997
0 0.13 0.21777777812500002 0.1166666671875 0.257777778125 0.16999999999999998 0.30222222187500003 0.23333333281250002 0.297777778125 0.22999999999999998 0.2 0.1633333328125 0.1911111109375 0.13 0.21777777812500002
0 0.13 0.5111111109375 0.1266666671875 0.5466666671875 0.1566666671875 0.617777778125 0.1566666671875 0.7066666671874999 0.18 0.7333333328125 0.24 0.662222221875 0.24 0.64 0.21000000000000002 0.4888888890625 0.1633333328125 0.48444444375 0.13 0.5111111109375
0 0.2833333328125 0.43555555625000003 0.2966666671875 0.48444444375 0.2833333328125 0.52 0.33999999999999997 0.56444444375 0.36666666718749996 0.56444444375 0.3866666671875 0.52 0.3933333328125 0.41777777812499994 0.38333333281250004 0.4 0.3133333328125 0.4 0.2833333328125 0.43555555625000003
0 0.44333333281250004 0.4311111109375 0.44333333281250004 0.502222221875 0.45999999999999996 0.5377777781249999 0.5066666671875 0.5511111109375 0.5533333328125 0.48 0.5566666671875 0.44888888906249996 0.53 0.40444444375 0.4566666671875 0.40444444375 0.44333333281250004 0.4311111109375
0 0.3166666671875 0.67555555625 0.26 0.6666666671875 0.2633333328125 0.7111111109375 0.2766666671875 0.7333333328125 0.3233333328125 0.7333333328125 0.3566666671875 0.7733333328125 0.3866666671875 0.777777778125 0.38 0.6799999999999999 0.35 0.6488888890625 0.32999999999999996 0.6488888890625 0.3166666671875 0.67555555625
0 0.48 0.622222221875 0.44000000000000006 0.6133333328125 0.4266666671875 0.657777778125 0.43333333281249997 0.7066666671874999 0.5033333328125 0.76444444375 0.5233333328125 0.737777778125 0.54 0.6488888890625 0.5366666671875 0.6088888890625 0.5133333328125 0.6044444437500001 0.48 0.622222221875
0 0.62 0.4711111109375 0.62 0.5066666671875 0.6533333328125 0.59555555625 0.72 0.5599999999999999 0.73 0.5066666671875 0.72 0.48 0.6933333328125 0.457777778125 0.6466666671875 0.4533333328125 0.62 0.4711111109375
0 0.3266666671875 0.177777778125 0.3366666671875 0.2666666671875 0.3533333328125 0.28444444375 0.44000000000000006 0.297777778125 0.5733333328125 0.24444444375000002 0.5599999999999999 0.2133333328125 0.4733333328125 0.20444444375 0.43333333281249997 0.1688888890625 0.3266666671875 0.177777778125
0 0.6166666671875001 0.7111111109375 0.6166666671875001 0.8355555562499999 0.6966666671875 0.8577777781249999 0.6833333328125 0.782222221875 0.6933333328125 0.6933333328125 0.65 0.67555555625 0.6166666671875001 0.7111111109375
0 0.39 0.8400000000000001 0.3433333328125 0.8400000000000001 0.3 0.8133333328125 0.29 0.8355555562499999 0.4033333328125 0.8666666671875 0.4033333328125 0.88444444375 0.39 0.88444444375 0.4 0.91555555625 0.46666666718750005 0.9511111109374999 0.52 0.9466666671875 0.5433333328125001 0.9066666671875 0.55 0.8444444437499999 0.48666666718749996 0.8088888890625 0.39 0.8400000000000001
0 0.7066666671874999 0.1688888890625 0.6633333328125001 0.1911111109375 0.65 0.21777777812500002 0.7 0.2666666671875 0.7366666671875 0.27555555625 0.85 0.2666666671875 0.89 0.2266666671875 0.8866666671875001 0.177777778125 0.8 0.16 0.7066666671874999 0.1688888890625
0 0.79 0.44444444375 0.7733333328125 0.5066666671875 0.77 0.6 0.78 0.622222221875 0.8166666671874999 0.63555555625 0.8866666671875001 0.5733333328125 0.9199999999999999 0.51555555625 0.8733333328124999 0.44444444375 0.8099999999999999 0.43555555625000003 0.79 0.44444444375
0 0.3720703125 0.3697916671875 0.4013671875 0.3229166671875 0.4599609375 0.2916666671875 0.46484375 0.27734375 0.4453125 0.2513020828125 0.46484375 0.19921875 0.44921875 0.16796875 0.3544921875 0.1692708328125 0.3193359375 0.1380208328125 0.2919921875 0.1354166671875 0.2705078125 0.1536458328125 0.2568359375 0.1328125 0.2197265625 0.1223958328125 0.1845703125 0.1380208328125 0.1669921875 0.1822916671875 0.1240234375 0.203125 0.11328125 0.21744791718749998 0.107421875 0.3294270828125 0.1376953125 0.3697916671875 0.2001953125 0.3697916671875 0.248046875 0.40234375 0.3056640625 0.3697916671875 0.3720703125 0.3697916671875
0 0.7421875 0.3580729171875 0.6865234375 0.2916666671875 0.6435546875 0.2864583328125 0.6142578125 0.2552083328125 0.5380859375 0.2838541671875 0.515625 0.3268229171875 0.529296875 0.3841145828125 0.5478515625 0.40625 0.62890625 0.4153645828125 0.7353515625 0.4010416671875 0.7421875 0.3580729171875
0 0.7197265625 0.9348958328125001 0.767578125 0.9049479171874999 0.779296875 0.7981770828125 0.8125 0.7434895828125 0.8125 0.69921875 0.833984375 0.66796875 0.81640625 0.6184895828125 0.8828125 0.56640625 0.873046875 0.52734375 0.880859375 0.45703125 0.8701171875 0.4427083328125 0.8095703125 0.4375 0.7724609375 0.4088541671875 0.6201171875 0.421875 0.5517578125 0.4166666671875 0.4951171875 0.390625 0.4755859375 0.40625 0.4638671875 0.3880208328125 0.4365234375 0.421875 0.4267578125 0.4088541671875 0.4013671875 0.4192708328125 0.3779296875 0.3854166671875 0.3232421875 0.390625 0.2919921875 0.4192708328125 0.2548828125 0.4088541671875 0.2314453125 0.4322916671875 0.1865234375 0.421875 0.134765625 0.4518229171875 0.134765625 0.4856770828125 0.11328125 0.5091145828125 0.111328125 0.5377604171875 0.123046875 0.58984375 0.154296875 0.61328125 0.1318359375 0.625 0.1171875 0.66015625 0.1328125 0.69921875 0.171875 0.7356770828125 0.1650390625 0.7734375 0.2412109375 0.7682291671875 0.2265625 0.8059895828125001 0.25 0.8190104171874999 0.251953125 0.8450520828125001 0.2763671875 0.8489583328125001 0.3330078125 0.9010416671874999 0.625 0.94140625 0.6513671875 0.9244791671874999 0.7197265625 0.9348958328125001