0 0.1633333328125 0.31555555625 0.13 0.3688888890625 0.1766666671875 0.462222221875 0.2066666671875 0.4933333328125 0.24333333281249997 0.502222221875 0.26 0.42222222187499997 0.25666666718750003 0.36 0.23333333281250002 0.30222222187500003 0.2033333328125 0.297777778125 0.1633333328125 0.31555555625
0 0.2 0.577777778125 0.2133333328125 0.662222221875 0.24 0.68444444375 0.2666666671875 0.742222221875 0.3533333328125 0.76 0.3466666671875 0.5822222218750001 0.24666666718750002 0.5733333328125 0.2 0.577777778125
0 0.3066666671875 0.3911111109375 0.3166666671875 0.48 0.36666666718749996 0.4933333328125 0.4166666671875 0.4711111109375 0.4233333328125 0.41777777812499994 0.41333333281250006 0.3911111109375 0.38333333281250004 0.35555555625 0.3366666671875 0.35555555625 0.3066666671875 0.3911111109375
0 0.3933333328125 0.6044444437500001 0.3933333328125 0.7022222218749999 0.4166666671875 0.737777778125 0.4766666671875 0.7466666671875 0.53 0.6799999999999999 0.54 0.63555555625 0.4966666671875 0.5822222218750001 0.4533333328125 0.5822222218750001 0.3933333328125 0.6044444437500001
0 0.6533333328125 0.5733333328125 0.63 0.6311111109375 0.6266666671875 0.6977777781250001 0.6466666671875 0.7288888890624999 0.6866666671874999 0.7333333328125 0.7333333328125 0.7066666671874999 0.8066666671875 0.622222221875 0.8 0.5733333328125 0.6766666671875 0.5599999999999999 0.6533333328125 0.5733333328125
0 0.4766666671875 0.40444444375 0.4766666671875 0.48 0.5166666671875 0.52444444375 0.5666666671875 0.52 0.5900000000000001 0.4711111109375 0.6 0.4 0.5566666671875 0.3688888890625 0.52 0.36444444374999996 0.4766666671875 0.40444444375
0 0.4933333328125 0.8533333328125 0.4933333328125 0.9066666671875 0.5900000000000001 0.9066666671875 0.6133333328125 0.8800000000000001 0.62 0.8355555562499999 0.5966666671875 0.8177777781250001 0.53 0.8133333328125 0.4933333328125 0.8533333328125
0 0.5933333328125 0.2666666671875 0.6 0.29333333281249996 0.6900000000000001 0.382222221875 0.7566666671875 0.377777778125 0.79 0.35555555625 0.7566666671875 0.2711111109375 0.6233333328125 0.262222221875 0.5933333328125 0.2666666671875
0 0.25666666718750003 0.08444444375 0.2366666671875 0.1066666671875 0.2366666671875 0.13333333281249998 0.36 0.2133333328125 0.4766666671875 0.177777778125 0.5066666671875 0.142222221875 0.5433333328125001 0.14666666718750002 0.5533333328125 0.1288888890625 0.54 0.0888888890625 0.5133333328125 0.07555555625 0.39 0.0666666671875 0.25666666718750003 0.08444444375
0 0.8566666671875 0.29333333281249996 0.8366666671875 0.36444444374999996 0.8400000000000001 0.4266666671875 0.9099999999999999 0.44444444375 0.9866666671875001 0.41333333281250006 0.99 0.3688888890625 0.9633333328125 0.36 0.95 0.32 0.9133333328125 0.3066666671875 0.9033333328125 0.27999999999999997 0.8733333328124999 0.27999999999999997 0.8566666671875 0.29333333281249996
0 0.7177734375 0.8541666671874999 0.744140625 0.84765625 0.7353515625 0.8098958328125001 0.814453125 0.8294270828125001 0.806640625 0.7955729171875 0.8505859375 0.7760416671875 0.876953125 0.7356770828125 0.87109375 0.70703125 0.849609375 0.6888020828125 0.8779296875 0.6692708328125 0.908203125 0.61328125 0.890625 0.5690104171875 0.8935546875 0.5260416671875 0.8486328125 0.4921875 0.8095703125 0.4895833328125 0.7880859375 0.453125 0.6982421875 0.3932291671875 0.6650390625 0.390625 0.6396484375 0.4166666671875 0.6103515625 0.4036458328125 0.5947265625 0.3645833328125 0.5732421875 0.3776041671875 0.5576171875 0.3541666671875 0.4482421875 0.3567708328125 0.3349609375 0.3020833328125 0.1806640625 0.296875 0.12109375 0.3528645828125 0.140625 0.40234375 0.203125 0.4830729171875 0.1796875 0.5299479171875 0.205078125 0.6653645828125 0.201171875 0.77734375 0.2255859375 0.8125 0.2587890625 0.8385416671874999 0.2998046875 0.8359375 0.3271484375 0.8619791671874999 0.4169921875 0.8828125 0.630859375 0.90234375 0.7158203125 0.8776041671874999 0.7177734375 0.8541666671874999
0 1 0.3059895828125 0.9775390625 0.28125 0.9482421875 0.2864583328125 0.9150390625 0.2604166671875 0.904296875 0.22005208281250002 0.8701171875 0.1875 0.8154296875 0.20052083281250002 0.7939453125 0.1770833328125 0.7275390625 0.1875 0.6474609375 0.15625 0.6357421875 0.1822916671875 0.6103515625 0.1927083328125 0.568359375 0.1783854171875 0.583984375 0.19921875 0.57421875 0.20442708281250002 0.5859375 0.23046875 0.58203125 0.2669270828125 0.6279296875 0.2916666671875 0.6279296875 0.3177083328125 0.6572265625 0.3229166671875 0.6748046875 0.375 0.7431640625 0.4036458328125 0.8115234375 0.4765625 0.8544921875 0.4791666671875 0.890625 0.50390625 0.9150390625 0.4817708328125 0.9189453125 0.4947916671875 0.9228515625 0.4765625 0.9345703125 0.4921875 0.9462890625 0.46875 1 0.4752604171875 1 0.3059895828125
0 0.4912109375 0.3020833328125 0.5361328125 0.28125 0.544921875 0.20442708281250002 0.53515625 0.1705729171875 0.5703125 0.1627604171875 0.5107421875 0.1536458328125 0.4775390625 0.1927083328125 0.4306640625 0.21354166718749998 0.3857421875 0.20572916718749998 0.3203125 0.25390625 0.3232421875 0.2942708328125 0.4140625 0.3190104171875 0.4443359375 0.2916666671875 0.4912109375 0.3020833328125