0 0.0533333328125 0.2488888890625 0.0033333328125 0.257777778125 0 0.31555555625 0.0966666671875 0.342222221875 0.1166666671875 0.262222221875 0.0733333328125 0.222222221875 0.0533333328125 0.2488888890625
0 0.1833333328125 0.2533333328125 0.1666666671875 0.29333333281249996 0.2 0.3288888890625 0.24666666718750002 0.342222221875 0.27 0.342222221875 0.29 0.32 0.30333333281249997 0.27999999999999997 0.27999999999999997 0.24 0.2133333328125 0.24 0.1833333328125 0.2533333328125
0 0.13 0.47555555624999996 0.1233333328125 0.52 0.1 0.5377777781249999 0.1166666671875 0.5866666671874999 0.21000000000000002 0.622222221875 0.21000000000000002 0.4533333328125 0.2 0.44888888906249996 0.13 0.47555555624999996
0 0.2633333328125 0.46666666718750005 0.2533333328125 0.5333333328125 0.27 0.5688888890625 0.3466666671875 0.6 0.36666666718749996 0.5466666671875 0.3633333328125 0.4711111109375 0.3433333328125 0.44444444375 0.29333333281249996 0.44444444375 0.2633333328125 0.46666666718750005
0 0.21000000000000002 0.68444444375 0.21000000000000002 0.7466666671875 0.22999999999999998 0.7733333328125 0.2766666671875 0.75555555625 0.38333333281250004 0.7866666671875 0.36666666718749996 0.71555555625 0.3433333328125 0.7244444437500001 0.3266666671875 0.6888888890625 0.2266666671875 0.6711111109375001 0.21000000000000002 0.68444444375
0 0.42000000000000004 0.4533333328125 0.42000000000000004 0.5555555562500001 0.43666666718749997 0.622222221875 0.4733333328125 0.6266666671875 0.51 0.59555555625 0.51 0.4533333328125 0.4933333328125 0.4266666671875 0.4533333328125 0.42222222187499997 0.42000000000000004 0.4533333328125
0 0.4 0.7688888890625 0.41333333281250006 0.8311111109375 0.44333333281250004 0.8444444437499999 0.4933333328125 0.9066666671875 0.5433333328125001 0.88444444375 0.5566666671875 0.8222222218749999 0.5133333328125 0.76 0.46333333281250005 0.7244444437500001 0.4 0.7688888890625
0 0.5866666671874999 0.657777778125 0.58 0.6888888890625 0.5966666671875 0.71555555625 0.6033333328125 0.79555555625 0.6666666671875 0.7511111109375 0.6766666671875 0.7022222218749999 0.67 0.662222221875 0.6166666671875001 0.63555555625 0.5866666671874999 0.657777778125
0 0.5700000000000001 0.46666666718750005 0.5833333328125 0.56444444375 0.63 0.5911111109375 0.6933333328125 0.5733333328125 0.7166666671875 0.5066666671875 0.7033333328125 0.457777778125 0.6033333328125 0.43555555625000003 0.5700000000000001 0.46666666718750005
0 0.39 0.20888888906249997 0.3633333328125 0.24444444375000002 0.39 0.40444444375 0.4266666671875 0.39555555625 0.44333333281250004 0.3688888890625 0.5066666671875 0.36444444374999996 0.51 0.3333333328125 0.5733333328125 0.2666666671875 0.58 0.24 0.5533333328125 0.20888888906249997 0.4766666671875 0.19555555625 0.39 0.20888888906249997
0 0.61 0.17333333281250002 0.58 0.14666666718750002 0.5666666671875 0.18222222187499998 0.5966666671875 0.21777777812500002 0.6333333328124999 0.2266666671875 0.7166666671875 0.29333333281249996 0.7566666671875 0.262222221875 0.8133333328125 0.2488888890625 0.85 0.2 0.85 0.16444444375 0.8300000000000001 0.14666666718750002 0.72 0.13333333281249998 0.61 0.17333333281250002
0 0.7733333328125 0.41333333281250006 0.7666666671875 0.48444444375 0.7733333328125 0.5333333328125 0.79 0.5555555562500001 0.8266666671875 0.56444444375 0.8800000000000001 0.52444444375 0.9133333328125 0.46666666718750005 0.8699999999999999 0.40444444375 0.8066666671875 0.3911111109375 0.7733333328125 0.41333333281250006
0 0.6900000000000001 0.71555555625 0.6900000000000001 0.76 0.73 0.8044444437499999 0.7733333328125 0.8088888890625 0.79 0.7866666671875 0.8166666671874999 0.6711111109375001 0.7233333328125 0.657777778125 0.6900000000000001 0.71555555625
0 0.78125 0.8684895828125001 0.787109375 0.76171875 0.83203125 0.62890625 0.810546875 0.5794270828125 0.884765625 0.5065104171875 0.865234375 0.4440104171875 0.884765625 0.4309895828125 0.8603515625 0.3984375 0.7939453125 0.3984375 0.7626953125 0.3723958328125 0.6103515625 0.3984375 0.4443359375 0.3776041671875 0.4208984375 0.4088541671875 0.3876953125 0.4140625 0.3662109375 0.3880208328125 0.3115234375 0.3984375 0.126953125 0.4752604171875 0.126953125 0.5143229171875 0.107421875 0.5299479171875 0.10546875 0.5611979171875 0.123046875 0.6106770828125 0.15234375 0.6393229171875 0.1318359375 0.6484375 0.119140625 0.6809895828125 0.1416015625 0.7265625 0.1796875 0.75390625 0.1728515625 0.7916666671875 0.2451171875 0.7786458328125 0.234375 0.8190104171874999 0.2568359375 0.828125 0.2646484375 0.8567708328125001 0.3447265625 0.9010416671874999 0.4404296875 0.9010416671874999 0.4560546875 0.921875 0.4970703125 0.9114583328125001 0.64453125 0.92578125 0.7138671875 0.9192708328125001 0.78125 0.8684895828125001
0 0.41015625 0.2799479171875 0.4208984375 0.1614583328125 0.3271484375 0.171875 0.2861328125 0.1432291671875 0.2451171875 0.1640625 0.1923828125 0.1380208328125 0.1572265625 0.1588541671875 0.1435546875 0.203125 0.123046875 0.20703125 0.1337890625 0.3255208328125 0.2939453125 0.3489583328125 0.33203125 0.37109375 0.3662109375 0.359375 0.41015625 0.2799479171875
0 0.869140625 0.1861979171875 0.87109375 0.1393229171875 0.8466796875 0.1041666671875 0.6669921875 0.1015625 0.6025390625 0.078125 0.5537109375 0.08333333281250001 0.513671875 0.12109375 0.5078125 0.1549479171875 0.517578125 0.1731770828125 0.5537109375 0.1770833328125 0.5732421875 0.21614583281250002 0.6298828125 0.2526041671875 0.708984375 0.26953125 0.8349609375 0.22916666718749998 0.869140625 0.1861979171875