0 0.0033333328125 0.3066666671875 0.0433333328125 0.3466666671875 0.05 0.3911111109375 0.09 0.3911111109375 0.1066666671875 0.40888888906250004 0.1166666671875 0.40444444375 0.1233333328125 0.2666666671875 0.0866666671875 0.262222221875 0.0033333328125 0.3066666671875
0 0.1633333328125 0.4888888890625 0.1366666671875 0.5288888890625 0.1366666671875 0.5733333328125 0.1633333328125 0.6533333328125 0.1633333328125 0.7288888890624999 0.1766666671875 0.7511111109375 0.1933333328125 0.7466666671875 0.2166666671875 0.68444444375 0.2533333328125 0.6666666671875 0.2633333328125 0.63555555625 0.27 0.48 0.2066666671875 0.46666666718750005 0.1633333328125 0.4888888890625
0 0.36666666718749996 0.6666666671875 0.33999999999999997 0.6711111109375001 0.33999999999999997 0.7511111109375 0.37 0.8044444437499999 0.43333333281249997 0.8266666671875 0.42000000000000004 0.76 0.45 0.75555555625 0.4533333328125 0.7288888890624999 0.4166666671875 0.6488888890625 0.38 0.64 0.36666666718749996 0.6666666671875
0 0.2166666671875 0.15111111093750001 0.2133333328125 0.1688888890625 0.24 0.1911111109375 0.3133333328125 0.177777778125 0.2833333328125 0.14666666718750002 0.2366666671875 0.14666666718750002 0.2166666671875 0.15111111093750001
0 0.55 0.0266666671875 0.5666666671875 0.017777778124999997 0.5466666671875 0.004444443750000001 0.55 0.0266666671875
0 0.37 0.48444444375 0.37333333281250003 0.5599999999999999 0.4266666671875 0.63555555625 0.44000000000000006 0.59555555625 0.4733333328125 0.6044444437500001 0.48333333281249996 0.5911111109375 0.4966666671875 0.5333333328125 0.48 0.46666666718750005 0.3933333328125 0.4533333328125 0.37 0.48444444375
0 0.5433333328125001 0.6266666671875 0.5233333328125 0.662222221875 0.52 0.7733333328125 0.5333333328125 0.8044444437499999 0.5833333328125 0.79555555625 0.65 0.7022222218749999 0.63 0.6311111109375 0.5733333328125 0.622222221875 0.5433333328125001 0.6266666671875
0 0.5966666671875 0.462222221875 0.6066666671875 0.52 0.6766666671875 0.542222221875 0.73 0.51555555625 0.74 0.462222221875 0.73 0.44000000000000006 0.62 0.42222222187499997 0.5966666671875 0.462222221875
0 0.5233333328125 0.2488888890625 0.4966666671875 0.30222222187500003 0.4966666671875 0.3333333328125 0.5266666671875 0.3911111109375 0.61 0.39555555625 0.7233333328125 0.35555555625 0.72 0.31555555625 0.6799999999999999 0.2711111109375 0.5933333328125 0.23555555625000002 0.55 0.23555555625000002 0.5233333328125 0.2488888890625
0 0.24 0.28444444375 0.22000000000000003 0.3288888890625 0.2766666671875 0.377777778125 0.3433333328125 0.3688888890625 0.37 0.31555555625 0.3433333328125 0.27555555625 0.3133333328125 0.27555555625 0.24 0.28444444375
0 0.7 0.6533333328125 0.6866666671874999 0.6933333328125 0.6900000000000001 0.7511111109375 0.7233333328125 0.8088888890625 0.7833333328125 0.7866666671875 0.8166666671874999 0.7022222218749999 0.8166666671874999 0.662222221875 0.8 0.63555555625 0.74 0.622222221875 0.7 0.6533333328125
0 0.67 0.1066666671875 0.6433333328125 0.14666666718750002 0.6933333328125 0.2 0.8466666671875 0.17333333281250002 0.86 0.15555555625 0.86 0.13333333281249998 0.8366666671875 0.1111111109375 0.73 0.097777778125 0.67 0.1066666671875
0 0.7197265625 0.9140625 0.783203125 0.8658854171874999 0.7890625 0.7565104171875 0.833984375 0.6184895828125 0.810546875 0.5768229171875 0.912109375 0.4674479171875 0.8583984375 0.390625 0.7919921875 0.390625 0.7646484375 0.3671875 0.7099609375 0.3645833328125 0.5869140625 0.3958333328125 0.4384765625 0.375 0.4189453125 0.4088541671875 0.3876953125 0.4140625 0.3681640625 0.3854166671875 0.3095703125 0.3932291671875 0.2373046875 0.421875 0.2138671875 0.4505208328125 0.1689453125 0.4453125 0.125 0.4778645828125 0.126953125 0.5143229171875 0.10546875 0.53515625 0.103515625 0.55859375 0.150390625 0.6419270828125 0.1171875 0.6809895828125 0.1376953125 0.7265625 0.177734375 0.7565104171875 0.1708984375 0.7942708328125 0.2451171875 0.78125 0.2392578125 0.828125 0.3486328125 0.9088541671874999 0.64453125 0.92578125 0.6806640625 0.9088541671874999 0.7197265625 0.9140625
0 0.869140625 0.1731770828125 0.87109375 0.13671875 0.8388671875 0.09895833281250001 0.6591796875 0.09895833281250001 0.5673828125 0.078125 0.5703125 0.20963541718749998 0.6162109375 0.2421875 0.703125 0.26171875 0.8291015625 0.2265625 0.869140625 0.1731770828125
0 0.1240234375 0.4661458328125 0.1669921875 0.4375 0.2158203125 0.4427083328125 0.2802734375 0.3880208328125 0.3583984375 0.3697916671875 0.38671875 0.3111979171875 0.375 0.2955729171875 0.423828125 0.2825520828125 0.404296875 0.2643229171875 0.435546875 0.1888020828125 0.419921875 0.1940104171875 0.4169921875 0.1588541671875 0.3251953125 0.1744791671875 0.2900390625 0.1484375 0.2392578125 0.1666666671875 0.2294921875 0.1484375 0.1904296875 0.1432291671875 0.1552734375 0.1640625 0.1396484375 0.203125 0.1005859375 0.22135416718749998 0.0712890625 0.2109375 0.0537109375 0.234375 0.0341796875 0.20052083281250002 0.0009765625 0.1901041671875 0 0.51171875 0.068359375 0.52734375 0.1025390625 0.5130208328125 0.1240234375 0.4661458328125