0 0.0733333328125 0.24444444375000002 0.0266666671875 0.2888888890625 0.0266666671875 0.3066666671875 0.06999999999999999 0.36 0.11333333281249999 0.36444444374999996 0.1233333328125 0.2533333328125 0.08 0.2133333328125 0.0733333328125 0.24444444375000002
0 0.1233333328125 0.46666666718750005 0.1 0.5555555562500001 0.1533333328125 0.6266666671875 0.1566666671875 0.7244444437500001 0.18 0.7466666671875 0.2366666671875 0.6488888890625 0.22000000000000003 0.6 0.2233333328125 0.457777778125 0.2133333328125 0.44000000000000006 0.1766666671875 0.43555555625000003 0.1233333328125 0.46666666718750005
0 0.1866666671875 0.257777778125 0.15 0.2533333328125 0.13999999999999999 0.2711111109375 0.2533333328125 0.3466666671875 0.32 0.3466666671875 0.37 0.3066666671875 0.3633333328125 0.257777778125 0.33999999999999997 0.24 0.2233333328125 0.2311111109375 0.1866666671875 0.257777778125
0 0.2533333328125 0.46666666718750005 0.24666666718750002 0.52444444375 0.2766666671875 0.5733333328125 0.3533333328125 0.6044444437500001 0.37333333281250003 0.5599999999999999 0.37666666718749997 0.457777778125 0.3633333328125 0.43555555625000003 0.30333333281249997 0.4266666671875 0.2533333328125 0.46666666718750005
0 0.2 0.72 0.2066666671875 0.7333333328125 0.29 0.7688888890625 0.32999999999999996 0.8222222218749999 0.45999999999999996 0.8533333328125 0.48666666718749996 0.8533333328125 0.5 0.8311111109375 0.4966666671875 0.75555555625 0.46666666718750005 0.72 0.43 0.7066666671874999 0.30333333281249997 0.71555555625 0.2233333328125 0.6799999999999999 0.2 0.72
0 0.43 0.46666666718750005 0.43333333281249997 0.5866666671874999 0.47000000000000003 0.622222221875 0.5466666671875 0.5911111109375 0.5566666671875 0.5688888890625 0.55 0.4533333328125 0.4933333328125 0.44444444375 0.43 0.46666666718750005
0 0.5433333328125001 0.6666666671875 0.5433333328125001 0.7733333328125 0.5833333328125 0.8177777781250001 0.6133333328125 0.8088888890625 0.65 0.71555555625 0.6466666671875 0.657777778125 0.63 0.6266666671875 0.6133333328125 0.6266666671875 0.5433333328125001 0.6666666671875
0 0.6266666671875 0.48444444375 0.6533333328125 0.56444444375 0.7133333328125 0.56444444375 0.7366666671875 0.5466666671875 0.7333333328125 0.462222221875 0.6433333328125 0.44444444375 0.6266666671875 0.48444444375
0 0.43 0.222222221875 0.4066666671875 0.262222221875 0.39 0.2533333328125 0.38333333281250004 0.27999999999999997 0.43333333281249997 0.32444444375 0.48 0.337777778125 0.5566666671875 0.2533333328125 0.54 0.21777777812500002 0.47000000000000003 0.20888888906249997 0.43 0.222222221875
0 0.6233333328125 0.15111111093750001 0.6133333328125 0.17333333281250002 0.6333333328124999 0.20888888906249997 0.6833333328125 0.24 0.8300000000000001 0.2311111109375 0.8699999999999999 0.18222222187499998 0.8566666671875 0.142222221875 0.7166666671875 0.13333333281249998 0.6233333328125 0.15111111093750001
0 0.7933333328125001 0.41777777812499994 0.79 0.457777778125 0.8033333328125 0.5333333328125 0.8333333328125001 0.577777778125 0.8866666671875001 0.5377777781249999 0.9166666671874999 0.48 0.8633333328124999 0.40444444375 0.8133333328125 0.4 0.7933333328125001 0.41777777812499994
0 0.6833333328125 0.6711111109375001 0.6766666671875 0.6977777781250001 0.6933333328125 0.79555555625 0.72 0.8266666671875 0.78 0.8 0.8133333328125 0.72 0.8133333328125 0.6799999999999999 0.7033333328125 0.662222221875 0.6833333328125 0.6711111109375001
0 0.7158203125 0.9244791671874999 0.779296875 0.8763020828125001 0.787109375 0.7721354171875 0.833984375 0.63671875 0.814453125 0.58984375 0.8837890625 0.53125 0.9140625 0.4830729171875 0.8623046875 0.40625 0.7939453125 0.4036458328125 0.7705078125 0.3802083328125 0.5341796875 0.4010416671875 0.4794921875 0.3776041671875 0.4697265625 0.390625 0.4462890625 0.3802083328125 0.4248046875 0.4114583328125 0.3935546875 0.4166666671875 0.3642578125 0.3854166671875 0.2783203125 0.4010416671875 0.2158203125 0.4479166671875 0.1767578125 0.4401041671875 0.12890625 0.4700520828125 0.12890625 0.5065104171875 0.10546875 0.5247395828125 0.103515625 0.55078125 0.12109375 0.6106770828125 0.150390625 0.63671875 0.1298828125 0.6432291671875 0.1171875 0.6783854171875 0.1376953125 0.71875 0.177734375 0.7486979171875 0.1689453125 0.7864583328125 0.2431640625 0.7734375 0.251953125 0.7877604171875 0.232421875 0.8190104171874999 0.2568359375 0.828125 0.2607421875 0.8541666671874999 0.3486328125 0.9036458328125001 0.63671875 0.93359375 0.6767578125 0.9140625 0.7158203125 0.9244791671874999
0 0.1982421875 0.3854166671875 0.2060546875 0.4088541671875 0.2412109375 0.4114583328125 0.2939453125 0.3697916671875 0.3623046875 0.3671875 0.3828125 0.32421875 0.3671875 0.2877604171875 0.361328125 0.17578125 0.2958984375 0.1432291671875 0.2490234375 0.1640625 0.2373046875 0.1458333328125 0.1962890625 0.1380208328125 0.1669921875 0.1536458328125 0.1494140625 0.1979166671875 0.1044921875 0.22135416718749998 0.0810546875 0.203125 0.060546875 0.24088541718749998 0.056640625 0.31640625 0.08984375 0.3893229171875 0.1025390625 0.3776041671875 0.12109375 0.4075520828125 0.10546875 0.4231770828125 0.123046875 0.4283854171875 0.1279296875 0.3880208328125 0.1982421875 0.3854166671875
0 0.73046875 0.33203125 0.6708984375 0.2682291671875 0.6279296875 0.2708333328125 0.5986328125 0.23697916718749998 0.5693359375 0.23697916718749998 0.5498046875 0.2760416671875 0.5244140625 0.2786458328125 0.50390625 0.3033854171875 0.5185546875 0.375 0.6171875 0.3919270828125 0.7216796875 0.3697916671875 0.73046875 0.33203125