0 0.15546875 0.38515625 0.1421875 0.20234375
0 0.1890625 0.61796875 0.1078125 0.1640625
0 0.3 0.262222221875 0.3133333328125 0.3466666671875 0.36 0.40444444375 0.3933333328125 0.37333333281250003 0.41333333281250006 0.257777778125 0.3166666671875 0.24 0.3 0.262222221875
0 0.32 0.5111111109375 0.3233333328125 0.6 0.3366666671875 0.6533333328125 0.37 0.6799999999999999 0.4066666671875 0.63555555625 0.3933333328125 0.497777778125 0.3466666671875 0.48444444375 0.32 0.5111111109375
0 0.52 0.40444444375 0.52 0.4266666671875 0.55 0.5466666671875 0.5900000000000001 0.5288888890625 0.62 0.5466666671875 0.6333333328124999 0.41777777812499994 0.54 0.3866666671875 0.52 0.40444444375
0 0.48333333281249996 0.6933333328125 0.5133333328125 0.76 0.54 0.782222221875 0.61 0.7733333328125 0.6233333328125 0.72 0.6 0.662222221875 0.53 0.64 0.48333333281249996 0.6933333328125
0 0.6966666671875 0.36 0.7 0.4533333328125 0.71 0.48 0.7333333328125 0.48444444375 0.7733333328125 0.42222222187499997 0.7733333328125 0.39555555625 0.7466666671875 0.3333333328125 0.7133333328125 0.31555555625 0.6966666671875 0.36
0 0.65 0.72 0.6833333328125 0.75555555625 0.7333333328125 0.7466666671875 0.8 0.662222221875 0.8099999999999999 0.6044444437500001 0.8 0.59555555625 0.6666666671875 0.5866666671874999 0.65 0.72
0 0.2133333328125 0.7688888890625 0.2866666671875 0.8400000000000001 0.38 0.8488888890625 0.42000000000000004 0.8222222218749999 0.3866666671875 0.742222221875 0.2266666671875 0.72 0.2133333328125 0.7688888890625
0 0.4733333328125 0.28444444375 0.67 0.27555555625 0.67 0.2533333328125 0.6333333328124999 0.21777777812500002 0.4733333328125 0.1688888890625 0.4733333328125 0.28444444375
0 0.5 0.0488888890625 0.46666666718750005 0.0711111109375 0.4533333328125 0.102222221875 0.46333333281250005 0.12 0.5133333328125 0.1066666671875 0.6566666671875 0.15111111093750001 0.7666666671875 0.1111111109375 0.7933333328125001 0.08 0.78 0.04444444375 0.65 0.04 0.5 0.0488888890625
0 0.5166015625 0.8828125 0.6083984375 0.8776041671874999 0.6220703125 0.8567708328125001 0.6728515625 0.859375 0.6923828125 0.8359375 0.7451171875 0.8411458328125001 0.7724609375 0.8177083328125001 0.798828125 0.7799479171875 0.79296875 0.6705729171875 0.814453125 0.6080729171875 0.8046875 0.56640625 0.8203125 0.5247395828125 0.798828125 0.4830729171875 0.861328125 0.4075520828125 0.876953125 0.35546875 0.8193359375 0.2994791671875 0.6728515625 0.3046875 0.5556640625 0.359375 0.4423828125 0.359375 0.4287109375 0.3802083328125 0.4091796875 0.3671875 0.3916015625 0.40625 0.3759765625 0.4010416671875 0.3623046875 0.4192708328125 0.3349609375 0.390625 0.2802734375 0.4088541671875 0.2333984375 0.4557291671875 0.2119140625 0.4557291671875 0.1884765625 0.4921875 0.1279296875 0.515625 0.111328125 0.54296875 0.10546875 0.62109375 0.1220703125 0.65625 0.150390625 0.6731770828125 0.150390625 0.69140625 0.126953125 0.7096354171875 0.123046875 0.7330729171875 0.1513671875 0.7708333328125 0.193359375 0.79296875 0.1904296875 0.8307291671874999 0.2626953125 0.8046875 0.2578125 0.8450520828125001 0.2802734375 0.8515625 0.2822265625 0.875 0.376953125 0.9049479171874999 0.5009765625 0.9036458328125001 0.5166015625 0.8828125
0 0.681640625 0.2565104171875 0.6162109375 0.20833333281250002 0.5732421875 0.21614583281250002 0.5361328125 0.1927083328125 0.5166015625 0.203125 0.46875 0.26171875 0.4609375 0.2981770828125 0.4814453125 0.34375 0.556640625 0.3450520828125 0.6806640625 0.296875 0.681640625 0.2565104171875
0 0.1923828125 0.4765625 0.2646484375 0.3958333328125 0.3251953125 0.375 0.341796875 0.3138020828125 0.322265625 0.2877604171875 0.3671875 0.27734375 0.36328125 0.24088541718749998 0.3720703125 0.2265625 0.3779296875 0.24479166718749998 0.38671875 0.23567708281250002 0.38671875 0.1861979171875 0.3662109375 0.1875 0.3583984375 0.15625 0.2724609375 0.1901041671875 0.2314453125 0.1692708328125 0.1982421875 0.1770833328125 0.1904296875 0.1979166671875 0.1708984375 0.1822916671875 0.1318359375 0.1848958328125 0.099609375 0.21484375 0.0908203125 0.2552083328125 0.0009765625 0.3020833328125 0.005859375 0.4544270828125 0.015625 0.4596354171875 0.0185546875 0.4192708328125 0.0341796875 0.46875 0.099609375 0.51953125 0.1474609375 0.4817708328125 0.1923828125 0.4765625
0 0.4931640625 0.1484375 0.4384765625 0.1432291671875 0.4013671875 0.1822916671875 0.37109375 0.1861979171875 0.4013671875 0.21875 0.4921875 0.22265625 0.517578125 0.1966145828125 0.4931640625 0.1484375