0 0.17333333281250002 0.2488888890625 0.2133333328125 0.342222221875 0.24666666718750002 0.36 0.2966666671875 0.29333333281249996 0.3 0.23555555625000002 0.27 0.2 0.2266666671875 0.19555555625 0.17333333281250002 0.2488888890625
0 0.3233333328125 0.31555555625 0.3333333328125 0.40444444375 0.37 0.4266666671875 0.41333333281250006 0.41777777812499994 0.43666666718749997 0.36 0.43 0.31555555625 0.35 0.29333333281249996 0.3233333328125 0.31555555625
0 0.24666666718750002 0.4888888890625 0.22999999999999998 0.51555555625 0.2866666671875 0.617777778125 0.29333333281249996 0.657777778125 0.3533333328125 0.68444444375 0.37 0.662222221875 0.36 0.5599999999999999 0.38 0.5111111109375 0.36 0.47555555624999996 0.3133333328125 0.4711111109375 0.24666666718750002 0.4888888890625
0 0.49000000000000005 0.4311111109375 0.48666666718749996 0.4888888890625 0.5166666671875 0.5333333328125 0.5466666671875 0.5288888890625 0.5633333328125001 0.5466666671875 0.5866666671874999 0.4888888890625 0.5766666671875 0.4533333328125 0.6033333328125 0.4266666671875 0.5666666671875 0.36444444374999996 0.5266666671875 0.36 0.49000000000000005 0.4311111109375
0 0.41 0.617777778125 0.38 0.6533333328125 0.37666666718749997 0.6799999999999999 0.44000000000000006 0.742222221875 0.48333333281249996 0.7466666671875 0.5333333328125 0.64 0.5233333328125 0.617777778125 0.44666666718750003 0.6133333328125 0.41 0.617777778125
0 0.5966666671875 0.64444444375 0.6233333328125 0.657777778125 0.6166666671875001 0.7111111109375 0.6599999999999999 0.737777778125 0.6866666671874999 0.72 0.6766666671875 0.68444444375 0.6966666671875 0.577777778125 0.6366666671875 0.5555555562500001 0.5966666671875 0.64444444375
0 0.3533333328125 0.0533333328125 0.35 0.0666666671875 0.4266666671875 0.16 0.4966666671875 0.1688888890625 0.5733333328125 0.137777778125 0.5700000000000001 0.0666666671875 0.52 0.0488888890625 0.41 0.0488888890625 0.3533333328125 0.0533333328125
0 0.7 0.262222221875 0.7233333328125 0.2888888890625 0.72 0.3466666671875 0.7566666671875 0.39555555625 0.7833333328125 0.40888888906250004 0.8766666671875001 0.40444444375 0.9533333328125 0.35555555625 0.9533333328125 0.32444444375 0.9099999999999999 0.27555555625 0.8266666671875 0.2488888890625 0.76 0.2488888890625 0.7 0.262222221875
0 0.7533333328125 0.542222221875 0.7566666671875 0.6799999999999999 0.77 0.7022222218749999 0.85 0.6933333328125 0.8666666671875 0.5866666671874999 0.8466666671875 0.5733333328125 0.8166666671874999 0.502222221875 0.79 0.502222221875 0.7533333328125 0.542222221875
0 0.48 0.8355555562499999 0.51 0.8444444437499999 0.5333333328125 0.8266666671875 0.6033333328125 0.862222221875 0.5833333328125 0.8488888890625 0.6266666671875 0.8311111109375 0.6433333328125 0.8 0.6366666671875 0.7866666671875 0.53 0.782222221875 0.48 0.8355555562499999
0 0.4933333328125 0.21777777812500002 0.46333333281250005 0.20888888906249997 0.43666666718749997 0.2533333328125 0.46666666718750005 0.29333333281249996 0.58 0.3288888890625 0.6366666671875 0.29333333281249996 0.63 0.222222221875 0.5366666671875 0.1911111109375 0.4933333328125 0.21777777812500002
0 0.63 0.44888888906249996 0.6599999999999999 0.4711111109375 0.6799999999999999 0.4533333328125 0.6833333328125 0.40444444375 0.6433333328125 0.3866666671875 0.63 0.44888888906249996
0 0.7138671875 0.8333333328125001 0.7861328125 0.8802083328125001 0.7900390625 0.8385416671874999 0.8310546875 0.828125 0.8603515625 0.7994791671875 0.859375 0.7643229171875 0.841796875 0.74609375 0.908203125 0.6861979171875 0.912109375 0.6627604171875 0.8984375 0.6393229171875 0.90625 0.59765625 0.8642578125 0.5494791671875 0.8310546875 0.5390625 0.8154296875 0.4973958328125 0.7392578125 0.4244791671875 0.6982421875 0.40625 0.6767578125 0.4270833328125 0.646484375 0.40234375 0.6337890625 0.3619791671875 0.4931640625 0.3177083328125 0.4013671875 0.2552083328125 0.3955078125 0.23697916718749998 0.2431640625 0.1927083328125 0.1865234375 0.2265625 0.1875 0.2877604171875 0.234375 0.3763020828125 0.2109375 0.4127604171875 0.216796875 0.4544270828125 0.205078125 0.48828125 0.21484375 0.5690104171875 0.1953125 0.6705729171875 0.212890625 0.70703125 0.2587890625 0.765625 0.3076171875 0.7890625 0.5791015625 0.8984375 0.64453125 0.8997395828125001 0.7177734375 0.8776041671874999 0.7138671875 0.8333333328125001
0 1 0.38671875 0.962890625 0.3346354171875 0.9609375 0.2903645828125 0.9326171875 0.2578125 0.8955078125 0.24479166718749998 0.8759765625 0.2578125 0.8642578125 0.22916666718749998 0.7958984375 0.22395833281250002 0.7236328125 0.1744791671875 0.7041015625 0.1979166671875 0.6865234375 0.1927083328125 0.677734375 0.21744791718749998 0.693359375 0.24348958281250002 0.69140625 0.3190104171875 0.70703125 0.32421875 0.71484375 0.3919270828125 0.7744140625 0.4348958328125 0.8271484375 0.5 0.91015625 0.5377604171875 0.9228515625 0.5208333328125 1 0.50390625 1 0.38671875
0 0.5751953125 0.28125 0.5908203125 0.265625 0.6005859375 0.2838541671875 0.6181640625 0.2552083328125 0.6630859375 0.2630208328125 0.68359375 0.24348958281250002 0.666015625 0.22265625 0.67578125 0.21484375 0.662109375 0.17578125 0.6318359375 0.1432291671875 0.5810546875 0.1354166671875 0.5009765625 0.171875 0.4521484375 0.15625 0.40625 0.18359375 0.4052734375 0.23958333281250002 0.4658203125 0.2838541671875 0.515625 0.28515625 0.5517578125 0.2708333328125 0.5751953125 0.28125