0 0.0966666671875 0.5466666671875 0.07666666718750001 0.5911111109375 0.11333333281249999 0.63555555625 0.18 0.662222221875 0.2066666671875 0.59555555625 0.2033333328125 0.5511111109375 0.18 0.497777778125 0.16 0.497777778125 0.0966666671875 0.5466666671875
0 0.24666666718750002 0.6977777781250001 0.2 0.7022222218749999 0.1866666671875 0.737777778125 0.2033333328125 0.79555555625 0.24 0.8266666671875 0.2833333328125 0.8311111109375 0.3 0.7022222218749999 0.2633333328125 0.6799999999999999 0.24666666718750002 0.6977777781250001
0 0.3266666671875 0.7911111109375 0.3333333328125 0.8666666671875 0.4 0.8711111109375 0.4966666671875 0.8444444437499999 0.5066666671875 0.7911111109375 0.4733333328125 0.7288888890624999 0.4 0.737777778125 0.36666666718749996 0.72 0.3266666671875 0.7911111109375
0 0.58 0.6488888890625 0.55 0.742222221875 0.55 0.8 0.5700000000000001 0.8222222218749999 0.6433333328125 0.8044444437499999 0.71 0.68444444375 0.6966666671875 0.64444444375 0.6599999999999999 0.64 0.63 0.662222221875 0.6 0.6266666671875 0.58 0.6488888890625
0 0.27 0.52 0.24666666718750002 0.5555555562500001 0.29 0.6311111109375 0.3233333328125 0.657777778125 0.3533333328125 0.6533333328125 0.39 0.6044444437500001 0.39 0.5111111109375 0.33999999999999997 0.4933333328125 0.27 0.52
0 0.46333333281250005 0.46666666718750005 0.45999999999999996 0.4888888890625 0.47000000000000003 0.59555555625 0.5 0.63555555625 0.5599999999999999 0.6311111109375 0.5833333328125 0.56444444375 0.58 0.47555555624999996 0.48666666718749996 0.4533333328125 0.46333333281250005 0.46666666718750005
0 0.6733333328125 0.43555555625000003 0.6833333328125 0.51555555625 0.7033333328125 0.5333333328125 0.7766666671875 0.52 0.7866666671875 0.4888888890625 0.78 0.44000000000000006 0.74 0.40444444375 0.7133333328125 0.40444444375 0.6733333328125 0.43555555625000003
0 0.0966666671875 0.21777777812500002 0.07666666718750001 0.2488888890625 0.08 0.2888888890625 0.1 0.30222222187500003 0.2633333328125 0.30222222187500003 0.32 0.24444444375000002 0.3133333328125 0.2133333328125 0.2133333328125 0.1911111109375 0.0966666671875 0.21777777812500002
0 0.4266666671875 0.2266666671875 0.3866666671875 0.28444444375 0.5433333328125001 0.337777778125 0.5700000000000001 0.3333333328125 0.6 0.29333333281249996 0.6133333328125 0.2133333328125 0.5633333328125001 0.19555555625 0.4266666671875 0.2266666671875
0 0.6766666671875 0.2311111109375 0.6833333328125 0.2888888890625 0.7566666671875 0.30222222187500003 0.8366666671875 0.28444444375 0.8400000000000001 0.2666666671875 0.8 0.1866666671875 0.7266666671875 0.15111111093750001 0.6766666671875 0.2311111109375
0 0.4033203125 0.9817708328125001 0.5341796875 0.9270833328125001 0.6787109375 0.8984375 0.76171875 0.8268229171874999 0.759765625 0.80859375 0.783203125 0.7903645828125 0.7646484375 0.7552083328125 0.8447265625 0.7473958328125 0.833984375 0.7096354171875 0.8671875 0.67578125 0.880859375 0.6341145828125 0.849609375 0.5924479171875 0.880859375 0.5091145828125 0.876953125 0.4778645828125 0.853515625 0.4622395828125 0.8515625 0.4283854171875 0.7958984375 0.40625 0.7587890625 0.421875 0.7333984375 0.3984375 0.7001953125 0.4088541671875 0.6669921875 0.3854166671875 0.6025390625 0.3880208328125 0.5830078125 0.4270833328125 0.5634765625 0.4140625 0.5478515625 0.4270833328125 0.5322265625 0.4036458328125 0.5068359375 0.4166666671875 0.4833984375 0.40625 0.3818359375 0.4453125 0.2607421875 0.4401041671875 0.2021484375 0.4557291671875 0.1806640625 0.484375 0.1162109375 0.4973958328125 0.087890625 0.5325520828125 0.072265625 0.5872395828125 0.18359375 0.66796875 0.16796875 0.7200520828125 0.189453125 0.7513020828125 0.193359375 0.79296875 0.228515625 0.8450520828125001 0.244140625 0.9440104171874999 0.318359375 0.9830729171874999 0.3623046875 0.9583333328125001 0.4033203125 0.9817708328125001
0 0.890625 0.1861979171875 0.8720703125 0.1536458328125 0.8447265625 0.171875 0.7998046875 0.1588541671875 0.7802734375 0.1197916671875 0.7412109375 0.1119791671875 0.7080078125 0.125 0.6982421875 0.1484375 0.6474609375 0.1354166671875 0.6103515625 0.171875 0.5263671875 0.1744791671875 0.4970703125 0.22395833281250002 0.4384765625 0.20572916718749998 0.3955078125 0.23958333281250002 0.38671875 0.2747395828125 0.4169921875 0.3229166671875 0.4560546875 0.3229166671875 0.4658203125 0.34375 0.4873046875 0.3125 0.5341796875 0.3151041671875 0.5732421875 0.3255208328125 0.6083984375 0.3697916671875 0.6435546875 0.3723958328125 0.6669921875 0.3489583328125 0.7294921875 0.3880208328125 0.7548828125 0.3854166671875 0.7607421875 0.3697916671875 0.7880859375 0.3802083328125 0.7900390625 0.3645833328125 0.7958984375 0.3828125 0.833984375 0.38671875 0.900390625 0.26171875 0.890625 0.1861979171875
0 0.466796875 0.3971354171875 0.45703125 0.3815104171875 0.474609375 0.3502604171875 0.4404296875 0.2916666671875 0.3876953125 0.265625 0.3330078125 0.3203125 0.2919921875 0.328125 0.240234375 0.4049479171875 0.2490234375 0.4296875 0.318359375 0.4388020828125 0.4404296875 0.4244791671875 0.466796875 0.3971354171875
0 0.3525390625 0.2526041671875 0.3720703125 0.2578125 0.3896484375 0.22135416718749998 0.4189453125 0.21354166718749998 0.431640625 0.1809895828125 0.42578125 0.1549479171875 0.3642578125 0.125 0.2685546875 0.171875 0.1201171875 0.1979166671875 0.0947265625 0.2109375 0.076171875 0.24609375 0.08203125 0.29296875 0.1240234375 0.328125 0.23828125 0.33984375 0.2705078125 0.3359375 0.3525390625 0.2526041671875