0 0.08 0.2533333328125 0.0733333328125 0.297777778125 0.1766666671875 0.32 0.2733333328125 0.257777778125 0.13 0.2311111109375 0.08 0.2533333328125
0 0.11333333281249999 0.6311111109375 0.1666666671875 0.7066666671874999 0.1666666671875 0.75555555625 0.1866666671875 0.7866666671875 0.2266666671875 0.7733333328125 0.2533333328125 0.742222221875 0.2633333328125 0.6888888890625 0.24 0.6133333328125 0.21000000000000002 0.59555555625 0.12 0.59555555625 0.11333333281249999 0.6311111109375
0 0.29333333281249996 0.5466666671875 0.2866666671875 0.6 0.33999999999999997 0.63555555625 0.38333333281250004 0.6266666671875 0.3866666671875 0.542222221875 0.33999999999999997 0.52 0.29333333281249996 0.5466666671875
0 0.2866666671875 0.76444444375 0.22000000000000003 0.7688888890625 0.1933333328125 0.8 0.2266666671875 0.8400000000000001 0.3366666671875 0.8977777781249999 0.3933333328125 0.8933333328125 0.41333333281250006 0.8444444437499999 0.4 0.7688888890625 0.3633333328125 0.7511111109375 0.33999999999999997 0.7688888890625 0.31 0.7466666671875 0.2866666671875 0.76444444375
0 0.4533333328125 0.6711111109375001 0.44333333281250004 0.7022222218749999 0.45999999999999996 0.76444444375 0.51 0.7911111109375 0.5633333328125001 0.7244444437500001 0.5700000000000001 0.6933333328125 0.5566666671875 0.662222221875 0.48666666718749996 0.6533333328125 0.4533333328125 0.6711111109375001
0 0.67 0.52 0.6533333328125 0.5466666671875 0.6566666671875 0.64444444375 0.6433333328125 0.7022222218749999 0.6566666671875 0.71555555625 0.6966666671875 0.71555555625 0.7466666671875 0.6666666671875 0.7633333328125 0.5377777781249999 0.74 0.51555555625 0.7133333328125 0.51555555625 0.67 0.52
0 0.43666666718749997 0.4266666671875 0.41 0.462222221875 0.41 0.497777778125 0.4266666671875 0.5466666671875 0.4733333328125 0.577777778125 0.53 0.52444444375 0.5366666671875 0.44888888906249996 0.52 0.41333333281250006 0.47000000000000003 0.41333333281250006 0.43666666718749997 0.4266666671875
0 0.5466666671875 0.24444444375000002 0.53 0.24444444375000002 0.53 0.2711111109375 0.5566666671875 0.27555555625 0.6033333328125 0.3288888890625 0.6599999999999999 0.3333333328125 0.6866666671874999 0.29333333281249996 0.6733333328125 0.2266666671875 0.6266666671875 0.19555555625 0.5933333328125 0.19555555625 0.5466666671875 0.24444444375000002
0 0.3166666671875 0.35111111093749997 0.3533333328125 0.37333333281250003 0.38 0.36444444374999996 0.39 0.31555555625 0.35 0.297777778125 0.3166666671875 0.35111111093749997
0 0.7466666671875 0.1911111109375 0.7466666671875 0.27999999999999997 0.8333333328125001 0.2888888890625 0.8533333328125 0.2488888890625 0.8366666671875 0.18222222187499998 0.78 0.16 0.7466666671875 0.1911111109375
0 0.7033333328125 0.4311111109375 0.7166666671875 0.457777778125 0.7766666671875 0.4888888890625 0.8466666671875 0.4711111109375 0.85 0.42222222187499997 0.8366666671875 0.39555555625 0.6799999999999999 0.382222221875 0.6833333328125 0.44444444375 0.7033333328125 0.4311111109375
0 0.4733333328125 0.8666666671875 0.4733333328125 0.8888888890625 0.52 0.96 0.5466666671875 0.9466666671875 0.5700000000000001 0.8977777781249999 0.6033333328125 0.8711111109375 0.6033333328125 0.8533333328125 0.5633333328125001 0.8266666671875 0.5166666671875 0.8266666671875 0.4733333328125 0.8666666671875
0 0.7841796875 0.34375 0.7939453125 0.3645833328125 0.828125 0.3580729171875 0.81640625 0.3502604171875 0.822265625 0.3294270828125 0.90234375 0.22526041718749998 0.8818359375 0.1510416671875 0.8525390625 0.1380208328125 0.8251953125 0.15625 0.7802734375 0.1458333328125 0.7646484375 0.1145833328125 0.7216796875 0.1015625 0.6767578125 0.1380208328125 0.6298828125 0.1328125 0.5927734375 0.1692708328125 0.5068359375 0.1796875 0.4794921875 0.22916666718749998 0.4208984375 0.21875 0.37109375 0.2591145828125 0.37109375 0.2981770828125 0.4111328125 0.3333333328125 0.4423828125 0.3333333328125 0.4638671875 0.3125 0.5576171875 0.3255208328125 0.5986328125 0.3671875 0.6572265625 0.3463541671875 0.732421875 0.3815104171875 0.7666015625 0.3463541671875 0.7841796875 0.34375
0 0.443359375 0.41015625 0.451171875 0.35546875 0.3720703125 0.296875 0.3466796875 0.3020833328125 0.3193359375 0.3411458328125 0.2783203125 0.3541666671875 0.23046875 0.4283854171875 0.2431640625 0.4583333328125 0.27734375 0.46484375 0.4208984375 0.4375 0.443359375 0.41015625
0 0.4990234375 0.9322916671874999 0.6826171875 0.8932291671874999 0.767578125 0.81640625 0.763671875 0.7955729171875 0.787109375 0.77734375 0.7685546875 0.7447916671875 0.8447265625 0.734375 0.833984375 0.6966145828125 0.86328125 0.6627604171875 0.87890625 0.6080729171875 0.84375 0.5768229171875 0.8671875 0.4674479171875 0.841796875 0.4466145828125 0.837890625 0.4127604171875 0.7802734375 0.3984375 0.7509765625 0.4140625 0.7197265625 0.390625 0.6767578125 0.4010416671875 0.6376953125 0.3854166671875 0.5888671875 0.390625 0.5732421875 0.4270833328125 0.5380859375 0.4322916671875 0.5107421875 0.4036458328125 0.4990234375 0.4244791671875 0.4775390625 0.4114583328125 0.4287109375 0.4479166671875 0.3740234375 0.4635416671875 0.2080078125 0.4817708328125 0.1708984375 0.5182291671875 0.1083984375 0.5364583328125 0.072265625 0.62109375 0.1044921875 0.6588541671875 0.185546875 0.7018229171875 0.169921875 0.7486979171875 0.193359375 0.77734375 0.197265625 0.8190104171874999 0.23828125 0.8736979171874999 0.2578125 0.97265625 0.2939453125 0.9947916671874999 0.3359375 0.9934895828125001 0.4208984375 0.9921875 0.4990234375 0.9322916671874999