0 0 0.44444444375 0.09 0.457777778125 0.1233333328125 0.44000000000000006 0.13 0.37333333281250003 0.12 0.342222221875 0.0466666671875 0.3333333328125 0 0.3866666671875 0 0.44444444375
0 0.1966666671875 0.35555555625 0.2033333328125 0.41333333281250006 0.27 0.40888888906250004 0.29333333281249996 0.3688888890625 0.29333333281249996 0.3333333328125 0.2666666671875 0.30222222187500003 0.2233333328125 0.30222222187500003 0.1966666671875 0.35555555625
0 0.10333333281249998 0.5911111109375 0.1066666671875 0.657777778125 0.1266666671875 0.6933333328125 0.1966666671875 0.7022222218749999 0.21000000000000002 0.6888888890625 0.2066666671875 0.622222221875 0.19 0.5688888890625 0.16 0.542222221875 0.10333333281249998 0.5911111109375
0 0.25666666718750003 0.502222221875 0.25 0.52444444375 0.25666666718750003 0.617777778125 0.37 0.6799999999999999 0.3533333328125 0.5288888890625 0.32999999999999996 0.497777778125 0.27999999999999997 0.4933333328125 0.25666666718750003 0.502222221875
0 0.4233333328125 0.40444444375 0.3933333328125 0.44000000000000006 0.4033333328125 0.52444444375 0.4533333328125 0.5688888890625 0.5333333328125 0.52444444375 0.5066666671875 0.42222222187499997 0.47000000000000003 0.382222221875 0.4233333328125 0.40444444375
0 0.44666666718750003 0.1866666671875 0.43666666718749997 0.2266666671875 0.44000000000000006 0.2666666671875 0.4733333328125 0.30222222187500003 0.5366666671875 0.3066666671875 0.6333333328124999 0.2311111109375 0.6233333328125 0.1911111109375 0.5900000000000001 0.17333333281250002 0.4766666671875 0.16444444375 0.44666666718750003 0.1866666671875
0 0.6733333328125 0.35111111093749997 0.6733333328125 0.40888888906250004 0.7033333328125 0.44888888906249996 0.7433333328125 0.457777778125 0.7666666671875 0.42222222187499997 0.7666666671875 0.3288888890625 0.7466666671875 0.3066666671875 0.7033333328125 0.30222222187500003 0.6733333328125 0.35111111093749997
0 0.61 0.6533333328125 0.62 0.68444444375 0.6866666671874999 0.6888888890625 0.7066666671874999 0.6266666671875 0.6733333328125 0.5688888890625 0.6966666671875 0.56444444375 0.7033333328125 0.5466666671875 0.67 0.51555555625 0.6133333328125 0.5111111109375 0.61 0.6533333328125
0 0.4066666671875 0.6977777781250001 0.42000000000000004 0.7466666671875 0.41333333281250006 0.8088888890625 0.4233333328125 0.8177777781250001 0.55 0.8266666671875 0.6266666671875 0.79555555625 0.6333333328124999 0.7022222218749999 0.6133333328125 0.6799999999999999 0.42000000000000004 0.6711111109375001 0.4066666671875 0.6977777781250001
0 0.2233333328125 0.75555555625 0.2233333328125 0.8088888890625 0.29333333281249996 0.8711111109375 0.3266666671875 0.862222221875 0.3533333328125 0.8266666671875 0.41 0.8222222218749999 0.4033333328125 0.782222221875 0.38 0.782222221875 0.3433333328125 0.7511111109375 0.2366666671875 0.737777778125 0.2233333328125 0.75555555625
0 0.6748046875 0.8151041671874999 0.7119140625 0.7734375 0.7587890625 0.7604166671875 0.791015625 0.7200520828125 0.806640625 0.69140625 0.791015625 0.58984375 0.80078125 0.4309895828125 0.76953125 0.3997395828125 0.818359375 0.3190104171875 0.8330078125 0.24739583281250002 0.7744140625 0.2109375 0.6181640625 0.24479166718749998 0.5185546875 0.3229166671875 0.4033203125 0.3463541671875 0.3935546875 0.3697916671875 0.3740234375 0.3619791671875 0.359375 0.4049479171875 0.3427734375 0.4036458328125 0.3310546875 0.4244791671875 0.2939453125 0.40625 0.2470703125 0.4322916671875 0.1865234375 0.4921875 0.1689453125 0.5338541671875 0.10546875 0.5794270828125 0.103515625 0.6783854171875 0.158203125 0.7356770828125 0.13671875 0.7799479171875 0.1630859375 0.8151041671874999 0.2099609375 0.8307291671874999 0.2099609375 0.8671875 0.2841796875 0.828125 0.279296875 0.8684895828125001 0.3037109375 0.8697916671874999 0.3134765625 0.8932291671874999 0.4140625 0.8997395828125001 0.5341796875 0.8463541671874999 0.6748046875 0.8151041671874999
0 0 0.5403645828125 0.0244140625 0.5390625 0.083984375 0.5846354171875 0.1201171875 0.5364583328125 0.1689453125 0.5130208328125 0.2373046875 0.4192708328125 0.291015625 0.38671875 0.30078125 0.32421875 0.2890625 0.3138020828125 0.3203125 0.2799479171875 0.3271484375 0.1927083328125 0.3095703125 0.20052083281250002 0.2939453125 0.1692708328125 0.2158203125 0.21875 0.1708984375 0.20833333281250002 0.1318359375 0.24479166718749998 0.0771484375 0.2421875 0.048828125 0.27734375 0.046875 0.31640625 0 0.3580729171875 0 0.5403645828125