0 0.0633333328125 0.342222221875 0.0466666671875 0.3911111109375 0.0966666671875 0.41777777812499994 0.1433333328125 0.41777777812499994 0.1633333328125 0.4 0.1833333328125 0.35555555625 0.18 0.3288888890625 0.1366666671875 0.30222222187500003 0.0633333328125 0.342222221875
0 0.24333333281249997 0.27555555625 0.2066666671875 0.32 0.15 0.32 0.11333333281249999 0.377777778125 0.2166666671875 0.3866666671875 0.26 0.42222222187499997 0.3 0.4311111109375 0.32999999999999996 0.39555555625 0.33999999999999997 0.297777778125 0.32 0.2666666671875 0.2966666671875 0.262222221875 0.24333333281249997 0.27555555625
0 0.0666666671875 0.48 0.10333333281249998 0.577777778125 0.2 0.5466666671875 0.2 0.5066666671875 0.1666666671875 0.457777778125 0.1166666671875 0.457777778125 0.0666666671875 0.48
0 0.23333333281250002 0.8488888890625 0.2766666671875 0.8755555562499999 0.36 0.8888888890625 0.3933333328125 0.8577777781249999 0.4066666671875 0.8133333328125 0.4066666671875 0.782222221875 0.38 0.7688888890625 0.27999999999999997 0.777777778125 0.24666666718750002 0.76 0.23333333281250002 0.8488888890625
0 0.37 0.577777778125 0.3566666671875 0.6 0.37666666718749997 0.7022222218749999 0.41333333281250006 0.75555555625 0.4533333328125 0.7288888890624999 0.47000000000000003 0.737777778125 0.49000000000000005 0.7111111109375 0.48666666718749996 0.6044444437500001 0.46333333281250005 0.5688888890625 0.43666666718749997 0.56444444375 0.37 0.577777778125
0 0.41 0.297777778125 0.38 0.297777778125 0.36666666718749996 0.337777778125 0.4533333328125 0.40888888906250004 0.5166666671875 0.39555555625 0.55 0.36 0.55 0.3288888890625 0.53 0.30222222187500003 0.49000000000000005 0.27555555625 0.44333333281250004 0.2711111109375 0.41 0.297777778125
0 0.4966666671875 0.5066666671875 0.48666666718749996 0.5555555562500001 0.4966666671875 0.5866666671874999 0.5700000000000001 0.5822222218750001 0.6333333328124999 0.6 0.6466666671875 0.5822222218750001 0.6333333328124999 0.5111111109375 0.5433333328125001 0.48 0.4966666671875 0.5066666671875
0 0.5433333328125001 0.6933333328125 0.58 0.7688888890625 0.6066666671875 0.777777778125 0.6599999999999999 0.76 0.6799999999999999 0.7244444437500001 0.6766666671875 0.67555555625 0.5900000000000001 0.657777778125 0.5433333328125001 0.6933333328125
0 0.44666666718750003 0.8133333328125 0.4066666671875 0.8222222218749999 0.3633333328125 0.8888888890625 0.43 0.9111111109375001 0.5 0.9111111109375001 0.5700000000000001 0.8888888890625 0.5733333328125 0.8355555562499999 0.5433333328125001 0.7866666671875 0.48 0.782222221875 0.44666666718750003 0.8133333328125
0 0.7166666671875 0.5866666671874999 0.7333333328125 0.6666666671875 0.7433333328125 0.6933333328125 0.8 0.742222221875 0.8366666671875 0.6488888890625 0.8033333328125 0.6 0.74 0.5688888890625 0.7166666671875 0.5866666671874999
0 1 0.2533333328125 0.99 0.24444444375000002 0.89 0.23555555625000002 0.8033333328125 0.2488888890625 0.7433333328125 0.27999999999999997 0.8066666671875 0.3111111109375 0.85 0.3066666671875 0.9066666671875 0.35555555625 0.9766666671875001 0.35111111093749997 1 0.3288888890625 1 0.2533333328125
0 0.30333333281249997 0.48 0.3 0.5066666671875 0.3366666671875 0.5466666671875 0.36 0.5466666671875 0.38 0.5288888890625 0.38333333281250004 0.4888888890625 0.36666666718749996 0.462222221875 0.3333333328125 0.457777778125 0.30333333281249997 0.48
0 0.5244140625 0.8984375 0.5673828125 0.8880208328125001 0.5810546875 0.8541666671874999 0.6513671875 0.859375 0.6806640625 0.8802083328125001 0.7001953125 0.8671875 0.7548828125 0.875 0.7802734375 0.8255208328125001 0.8095703125 0.828125 0.828125 0.80859375 0.841796875 0.7486979171875 0.833984375 0.72265625 0.85546875 0.6783854171875 0.8349609375 0.6354166671875 0.8037109375 0.6067708328125 0.7724609375 0.609375 0.7470703125 0.5703125 0.7158203125 0.5911458328125 0.6767578125 0.5520833328125 0.6513671875 0.5546875 0.64453125 0.5091145828125 0.6171875 0.46484375 0.6171875 0.4309895828125 0.5830078125 0.4088541671875 0.4970703125 0.4401041671875 0.4677734375 0.4296875 0.3896484375 0.4453125 0.37109375 0.4544270828125 0.3759765625 0.4661458328125 0.35546875 0.46484375 0.3466796875 0.5104166671875 0.3037109375 0.4921875 0.28515625 0.5169270828125 0.29296875 0.5638020828125 0.2998046875 0.5390625 0.34375 0.5533854171875 0.294921875 0.58203125 0.30078125 0.6549479171875 0.330078125 0.68359375 0.3134765625 0.7057291671875 0.2783203125 0.7135416671875 0.2685546875 0.7526041671875 0.236328125 0.7591145828125 0.234375 0.85546875 0.2958984375 0.9036458328125001 0.490234375 0.91015625 0.5068359375 0.8776041671874999 0.5244140625 0.8984375
0 0.3466796875 0.4713541671875 0.4169921875 0.4375 0.5126953125 0.4375 0.55859375 0.4049479171875 0.59765625 0.3216145828125 0.5244140625 0.2578125 0.4814453125 0.2421875 0.4462890625 0.24739583281250002 0.4287109375 0.2760416671875 0.3388671875 0.2760416671875 0.3134765625 0.2552083328125 0.2626953125 0.2552083328125 0.1904296875 0.296875 0.0693359375 0.3333333328125 0.044921875 0.3658854171875 0.052734375 0.40234375 0.0908203125 0.4427083328125 0.1826171875 0.4270833328125 0.28125 0.4934895828125 0.3232421875 0.4609375 0.3466796875 0.4713541671875