0 0.1666666671875 0.6488888890625 0.1566666671875 0.68444444375 0.2033333328125 0.7288888890624999 0.24 0.7288888890624999 0.26 0.7022222218749999 0.2633333328125 0.64 0.2133333328125 0.6044444437500001 0.1666666671875 0.6488888890625
0 0.27999999999999997 0.6311111109375 0.2766666671875 0.6933333328125 0.29333333281249996 0.7244444437500001 0.3333333328125 0.737777778125 0.36666666718749996 0.7066666671874999 0.36 0.6311111109375 0.3166666671875 0.5866666671874999 0.27999999999999997 0.6311111109375
0 0.5 0.657777778125 0.44000000000000006 0.6533333328125 0.43 0.76 0.44000000000000006 0.777777778125 0.48 0.7866666671875 0.5166666671875 0.7288888890624999 0.53 0.662222221875 0.5133333328125 0.64444444375 0.5 0.657777778125
0 0.4033333328125 0.44444444375 0.3633333328125 0.5066666671875 0.36 0.5599999999999999 0.5466666671875 0.5688888890625 0.6066666671875 0.5377777781249999 0.63 0.497777778125 0.6233333328125 0.46666666718750005 0.6 0.457777778125 0.43 0.4311111109375 0.4033333328125 0.44444444375
0 0.5833333328125 0.7911111109375 0.6066666671875 0.8755555562499999 0.6433333328125 0.88444444375 0.7433333328125 0.8311111109375 0.7466666671875 0.7866666671875 0.7166666671875 0.7911111109375 0.6566666671875 0.7066666671874999 0.63 0.7022222218749999 0.5833333328125 0.7911111109375
0 0.46333333281250005 0.297777778125 0.44666666718750003 0.32444444375 0.44666666718750003 0.35555555625 0.5033333328125 0.4266666671875 0.62 0.39555555625 0.65 0.31555555625 0.5733333328125 0.262222221875 0.5233333328125 0.257777778125 0.46333333281250005 0.297777778125
0 0.7066666671874999 0.32 0.6866666671874999 0.3911111109375 0.7133333328125 0.44444444375 0.7966666671875 0.44444444375 0.9099999999999999 0.40888888906250004 0.9233333328125 0.3911111109375 0.8533333328125 0.382222221875 0.7933333328125001 0.32 0.73 0.30222222187500003 0.7066666671874999 0.32
0 0 0.3466666671875 0.1166666671875 0.3466666671875 0.1366666671875 0.3333333328125 0.1566666671875 0.28444444375 0.2 0.30222222187500003 0.23333333281250002 0.27999999999999997 0.2 0.24444444375000002 0.06 0.24 0 0.2533333328125 0 0.3466666671875
0 0.76171875 0.7877604171875 0.7275390625 0.7734375 0.7216796875 0.7369791671875 0.66796875 0.7018229171875 0.6953125 0.6731770828125 0.705078125 0.6341145828125 0.6923828125 0.5963541671875 0.6572265625 0.5755208328125 0.5341796875 0.5703125 0.4912109375 0.5338541671875 0.3876953125 0.5494791671875 0.3662109375 0.53125 0.3642578125 0.546875 0.3251953125 0.5520833328125 0.2880859375 0.5859375 0.2548828125 0.5651041671875 0.2294921875 0.6041666671875 0.1982421875 0.5963541671875 0.1484375 0.6653645828125 0.16796875 0.7122395828125 0.158203125 0.7278645828125 0.16796875 0.7955729171875 0.2099609375 0.8177083328125001 0.2373046875 0.8671875 0.2900390625 0.8619791671874999 0.3173828125 0.8776041671874999 0.3310546875 0.859375 0.4150390625 0.8541666671874999 0.4248046875 0.8932291671874999 0.4599609375 0.90625 0.4892578125 0.8958333328125001 0.5107421875 0.9192708328125001 0.6875 0.9205729171874999 0.76171875 0.8736979171874999 0.76171875 0.7877604171875
0 0.1513671875 0.2838541671875 0.2001953125 0.3151041671875 0.28515625 0.2721354171875 0.1865234375 0.23177083281250002 0.0732421875 0.23177083281250002 0.0009765625 0.2526041671875 0 0.3580729171875 0.0400390625 0.3463541671875 0.076171875 0.3580729171875 0.1142578125 0.3515625 0.1513671875 0.2838541671875
0 0.966796875 0.41015625 0.9423828125 0.3645833328125 0.8759765625 0.328125 0.8076171875 0.3177083328125 0.7568359375 0.2760416671875 0.7001953125 0.2734375 0.6611328125 0.2994791671875 0.66015625 0.3346354171875 0.6669921875 0.3229166671875 0.6796875 0.3372395828125 0.6728515625 0.3515625 0.6533203125 0.328125 0.640625 0.3528645828125 0.6328125 0.3268229171875 0.65625 0.3033854171875 0.6298828125 0.2786458328125 0.5927734375 0.2890625 0.591796875 0.33203125 0.5712890625 0.3307291671875 0.544921875 0.3059895828125 0.578125 0.2903645828125 0.572265625 0.2643229171875 0.5419921875 0.25 0.4912109375 0.2630208328125 0.412109375 0.3216145828125 0.42578125 0.3424479171875 0.41796875 0.3580729171875 0.4443359375 0.375 0.4521484375 0.4010416671875 0.5048828125 0.4375 0.5654296875 0.4244791671875 0.5712890625 0.40625 0.6220703125 0.4192708328125 0.6337890625 0.3854166671875 0.6689453125 0.3619791671875 0.6787109375 0.3958333328125 0.6826171875 0.3854166671875 0.705078125 0.4075520828125 0.681640625 0.4205729171875 0.7119140625 0.4244791671875 0.7177734375 0.4453125 0.734375 0.4231770828125 0.734375 0.3971354171875 0.71875 0.39453125 0.7275390625 0.3541666671875 0.74609375 0.4075520828125 0.76171875 0.4049479171875 0.74609375 0.4127604171875 0.7490234375 0.4270833328125 0.765625 0.4231770828125 0.7744140625 0.3776041671875 0.7783203125 0.4010416671875 0.7822265625 0.3854166671875 0.7939453125 0.3984375 0.7998046875 0.3854166671875 0.8115234375 0.40625 0.8154296875 0.3854166671875 0.8330078125 0.421875 0.8544921875 0.4010416671875 0.857421875 0.42578125 0.8896484375 0.4635416671875 0.921875 0.46484375 0.9560546875 0.4427083328125 0.966796875 0.41015625
0 0.916015625 0.5716145828125 0.94140625 0.5299479171875 0.9404296875 0.5078125 0.8701171875 0.484375 0.8408203125 0.4947916671875 0.802734375 0.5403645828125 0.8095703125 0.5677083328125 0.91015625 0.6236979171875 0.923828125 0.60546875 0.916015625 0.5716145828125
0 0.728515625 0.5221354171875 0.763671875 0.4830729171875 0.7216796875 0.3723958328125 0.7158203125 0.4166666671875 0.6748046875 0.3671875 0.6240234375 0.3958333328125 0.5712890625 0.3958333328125 0.5673828125 0.4114583328125 0.5615234375 0.3958333328125 0.4658203125 0.3932291671875 0.4638671875 0.375 0.4501953125 0.375 0.453125 0.41015625 0.3935546875 0.4270833328125 0.388671875 0.4674479171875 0.361328125 0.51171875 0.3876953125 0.5520833328125 0.5927734375 0.5755208328125 0.6357421875 0.5625 0.69140625 0.58984375 0.720703125 0.5716145828125 0.728515625 0.5221354171875