0 0.07666666718750001 0.28444444375 0.06999999999999999 0.3288888890625 0.14666666718750002 0.35555555625 0.21000000000000002 0.3466666671875 0.2233333328125 0.2888888890625 0.2166666671875 0.2533333328125 0.16 0.24444444375000002 0.07666666718750001 0.28444444375
0 0.1 0.40444444375 0.1066666671875 0.46666666718750005 0.0966666671875 0.52 0.1366666671875 0.5288888890625 0.1933333328125 0.5111111109375 0.2133333328125 0.48 0.21000000000000002 0.457777778125 0.18 0.40444444375 0.1366666671875 0.39555555625 0.1 0.40444444375
0 0.26 0.2533333328125 0.2633333328125 0.31555555625 0.29 0.35111111093749997 0.3433333328125 0.35555555625 0.37666666718749997 0.262222221875 0.3433333328125 0.2266666671875 0.3 0.2266666671875 0.26 0.2533333328125
0 0.3233333328125 0.542222221875 0.33999999999999997 0.5733333328125 0.36 0.5733333328125 0.36 0.5555555562500001 0.4766666671875 0.542222221875 0.4966666671875 0.5111111109375 0.49000000000000005 0.48 0.4033333328125 0.46666666718750005 0.3233333328125 0.542222221875
0 0.27 0.6799999999999999 0.27 0.7022222218749999 0.2266666671875 0.71555555625 0.2266666671875 0.8088888890625 0.2833333328125 0.862222221875 0.3466666671875 0.8444444437499999 0.3866666671875 0.7733333328125 0.36666666718749996 0.76444444375 0.3533333328125 0.782222221875 0.36 0.72 0.31 0.6711111109375001 0.27 0.6799999999999999
0 0.45999999999999996 0.6799999999999999 0.47000000000000003 0.7333333328125 0.49000000000000005 0.76 0.5966666671875 0.7466666671875 0.6233333328125 0.7022222218749999 0.6266666671875 0.67555555625 0.6033333328125 0.64444444375 0.4933333328125 0.64 0.45999999999999996 0.6799999999999999
0 0.4533333328125 0.262222221875 0.44000000000000006 0.3066666671875 0.48 0.377777778125 0.5466666671875 0.40888888906250004 0.5866666671874999 0.32444444375 0.5866666671874999 0.2888888890625 0.5566666671875 0.2488888890625 0.48666666718749996 0.2311111109375 0.4533333328125 0.262222221875
0 0.5166666671875 0.5288888890625 0.5766666671875 0.6088888890625 0.6599999999999999 0.622222221875 0.7033333328125 0.6044444437500001 0.6833333328125 0.56444444375 0.6599999999999999 0.5511111109375 0.6466666671875 0.5066666671875 0.54 0.5066666671875 0.5166666671875 0.5288888890625
0 0.6933333328125 0.67555555625 0.6900000000000001 0.7511111109375 0.72 0.8222222218749999 0.7566666671875 0.8533333328125 0.7833333328125 0.8 0.78 0.7022222218749999 0.76 0.6488888890625 0.73 0.6311111109375 0.6933333328125 0.67555555625
0 0.79 0.3066666671875 0.8333333328125001 0.337777778125 0.8733333328124999 0.3333333328125 0.9066666671875 0.39555555625 0.9866666671875001 0.4266666671875 1 0.39555555625 0.9966666671875 0.297777778125 0.8366666671875 0.28444444375 0.79 0.3066666671875
0 0.32421875 0.40234375 0.333984375 0.3736979171875 0.37109375 0.33203125 0.365234375 0.3033854171875 0.380859375 0.2591145828125 0.3447265625 0.21875 0.2861328125 0.2109375 0.2216796875 0.24479166718749998 0.1689453125 0.23958333281250002 0.0947265625 0.2630208328125 0.0703125 0.29296875 0.076171875 0.32421875 0.1142578125 0.3671875 0.2080078125 0.3645833328125 0.2783203125 0.4322916671875 0.30859375 0.43359375 0.33203125 0.42578125 0.32421875 0.40234375
0 0.623046875 0.32421875 0.6142578125 0.296875 0.5087890625 0.22135416718749998 0.4775390625 0.22395833281250002 0.4619140625 0.24739583281250002 0.4072265625 0.23697916718749998 0.376953125 0.2565104171875 0.369140625 0.3111979171875 0.4052734375 0.3802083328125 0.4248046875 0.3776041671875 0.4443359375 0.40625 0.53125 0.4231770828125 0.609375 0.3528645828125 0.623046875 0.32421875
0 0.212890625 0.45703125 0.1826171875 0.40625 0.1513671875 0.390625 0.0830078125 0.4036458328125 0.1015625 0.45703125 0.091796875 0.51171875 0.111328125 0.5221354171875 0.2041015625 0.4869791671875 0.212890625 0.45703125
0 0.81640625 0.8346354171874999 0.8515625 0.7044270828125 0.8076171875 0.6328125 0.7744140625 0.6302083328125 0.7548828125 0.5859375 0.7236328125 0.6041666671875 0.6787109375 0.5546875 0.6591796875 0.5572916671875 0.634765625 0.4309895828125 0.6123046875 0.4088541671875 0.5732421875 0.4010416671875 0.5283203125 0.4296875 0.4638671875 0.4140625 0.4013671875 0.4244791671875 0.3876953125 0.5052083328125 0.306640625 0.53515625 0.30078125 0.5846354171875 0.328125 0.6497395828125 0.2744140625 0.6692708328125 0.2666015625 0.7057291671875 0.228515625 0.7122395828125 0.21875 0.80078125 0.2802734375 0.8541666671874999 0.4326171875 0.8802083328125001 0.4951171875 0.859375 0.5146484375 0.8828125 0.5517578125 0.8776041671874999 0.5712890625 0.8463541671874999 0.6376953125 0.8619791671874999 0.6630859375 0.8854166671874999 0.6943359375 0.875 0.736328125 0.8893229171874999 0.7646484375 0.8489583328125001 0.81640625 0.8346354171874999
0 0.8544921875 0.2734375 0.7724609375 0.2838541671875 0.75 0.30859375 0.7861328125 0.3333333328125 0.7998046875 0.3255208328125 0.8447265625 0.375 0.8740234375 0.34375 0.8935546875 0.3932291671875 0.9658203125 0.4427083328125 1 0.4440104171875 0.9970703125 0.3020833328125 0.8544921875 0.2734375