0 0.15 0.44444444375 0.0466666671875 0.48444444375 0.03 0.51555555625 0.0333333328125 0.5377777781249999 0.06999999999999999 0.5511111109375 0.11000000000000001 0.5288888890625 0.19 0.5466666671875 0.2533333328125 0.5333333328125 0.2666666671875 0.48444444375 0.2533333328125 0.44000000000000006 0.2166666671875 0.41333333281250006 0.1833333328125 0.41333333281250006 0.15 0.44444444375
0 0.3 0.52444444375 0.29333333281249996 0.577777778125 0.27999999999999997 0.5599999999999999 0.2633333328125 0.56444444375 0.2766666671875 0.6311111109375 0.31 0.6533333328125 0.41333333281250006 0.6088888890625 0.4 0.5466666671875 0.3633333328125 0.52 0.3233333328125 0.51555555625 0.3 0.52444444375
0 0.48333333281249996 0.4933333328125 0.48666666718749996 0.6044444437500001 0.5599999999999999 0.617777778125 0.5933333328125 0.5688888890625 0.6266666671875 0.5688888890625 0.6266666671875 0.52444444375 0.5966666671875 0.48 0.5733333328125 0.462222221875 0.5066666671875 0.457777778125 0.48333333281249996 0.4933333328125
0 0.32999999999999996 0.6977777781250001 0.33999999999999997 0.777777778125 0.41 0.8044444437499999 0.43666666718749997 0.76 0.43333333281249997 0.72 0.4166666671875 0.68444444375 0.37666666718749997 0.67555555625 0.32999999999999996 0.6977777781250001
0 0.5066666671875 0.7022222218749999 0.5666666671875 0.7733333328125 0.6599999999999999 0.7733333328125 0.67 0.7511111109375 0.67 0.71555555625 0.65 0.6888888890625 0.5333333328125 0.68444444375 0.5066666671875 0.7022222218749999
0 0.2633333328125 0.8533333328125 0.2666666671875 0.9511111109374999 0.3366666671875 0.9866666671875001 0.4266666671875 0.9733333328124999 0.45 0.8711111109375 0.4 0.8444444437499999 0.2633333328125 0.8533333328125
0 0.3333333328125 0.342222221875 0.3133333328125 0.382222221875 0.3633333328125 0.457777778125 0.44000000000000006 0.47555555624999996 0.48666666718749996 0.462222221875 0.54 0.36444444374999996 0.4766666671875 0.30222222187500003 0.4166666671875 0.297777778125 0.3333333328125 0.342222221875
0 0.7766666671875 0.2133333328125 0.7566666671875 0.24444444375000002 0.7666666671875 0.257777778125 0.8 0.2533333328125 0.8233333328124999 0.29333333281249996 0.8533333328125 0.3111111109375 0.9266666671875001 0.3111111109375 0.9366666671875 0.27999999999999997 0.93 0.20888888906249997 0.9199999999999999 0.1911111109375 0.8800000000000001 0.18222222187499998 0.7766666671875 0.2133333328125
0 0.7133333328125 0.5688888890625 0.6733333328125 0.5688888890625 0.67 0.6311111109375 0.7 0.76444444375 0.7466666671875 0.79555555625 0.71 0.7911111109375 0.7033333328125 0.8222222218749999 0.75 0.8400000000000001 0.7833333328125 0.8088888890625 0.7833333328125 0.7733333328125 0.7966666671875 0.76 0.8033333328125 0.622222221875 0.7833333328125 0.5866666671874999 0.7566666671875 0.5866666671874999 0.7266666671875 0.5511111109375 0.7133333328125 0.5688888890625
0 0.5361328125 0.8984375 0.5634765625 0.9140625 0.5966796875 0.8958333328125001 0.6103515625 0.8541666671874999 0.7138671875 0.859375 0.7333984375 0.8411458328125001 0.7822265625 0.8359375 0.8037109375 0.78125 0.84375 0.7565104171875 0.841796875 0.6653645828125 0.853515625 0.6184895828125 0.8251953125 0.5833333328125 0.7939453125 0.5651041671875 0.7587890625 0.5729166671875 0.7333984375 0.5416666671875 0.7099609375 0.5677083328125 0.6572265625 0.5390625 0.6337890625 0.546875 0.5810546875 0.4322916671875 0.525390625 0.4231770828125 0.54296875 0.3268229171875 0.4658203125 0.2942708328125 0.4169921875 0.2916666671875 0.3916015625 0.3020833328125 0.3759765625 0.3359375 0.3369140625 0.3333333328125 0.3037109375 0.359375 0.2607421875 0.3463541671875 0.2080078125 0.3567708328125 0.1455078125 0.4166666671875 0.0986328125 0.4322916671875 0.0341796875 0.484375 0.013671875 0.51953125 0.0302734375 0.5520833328125 0.0849609375 0.5703125 0.1455078125 0.5651041671875 0.1533203125 0.5416666671875 0.1669921875 0.5416666671875 0.2578125 0.5924479171875 0.30859375 0.7356770828125 0.337890625 0.7513020828125 0.3251953125 0.7838541671875 0.2890625 0.8059895828125001 0.291015625 0.83984375 0.2578125 0.8606770828125001 0.267578125 0.9466145828125001 0.349609375 0.97265625 0.5009765625 0.9348958328125001 0.5361328125 0.8984375
0 0.9990234375 0.171875 0.7705078125 0.1979166671875 0.7216796875 0.234375 0.6865234375 0.23958333281250002 0.66796875 0.2643229171875 0.6708984375 0.2890625 0.6982421875 0.2994791671875 0.7939453125 0.2994791671875 0.8017578125 0.3125 0.8193359375 0.2942708328125 0.8310546875 0.3125 0.9345703125 0.3203125 0.9619140625 0.3515625 0.98828125 0.3502604171875 1 0.34765625 0.9990234375 0.171875