0 0.4266666671875 0.6311111109375 0.4733333328125 0.63555555625 0.4733333328125 0.59555555625 0.44333333281250004 0.5822222218750001 0.4266666671875 0.6311111109375
0 0.23333333281250002 0.6888888890625 0.2233333328125 0.7466666671875 0.2533333328125 0.8133333328125 0.3166666671875 0.8355555562499999 0.35 0.8044444437499999 0.3533333328125 0.782222221875 0.32 0.6666666671875 0.2766666671875 0.63555555625 0.23333333281250002 0.6888888890625
0 0.3433333328125 0.297777778125 0.32999999999999996 0.3333333328125 0.38333333281250004 0.39555555625 0.43666666718749997 0.4 0.48 0.3688888890625 0.48666666718749996 0.3111111109375 0.46666666718750005 0.2488888890625 0.41333333281250006 0.2311111109375 0.3433333328125 0.297777778125
0 0.3533333328125 0.4533333328125 0.32999999999999996 0.502222221875 0.32999999999999996 0.5333333328125 0.39 0.5511111109375 0.4766666671875 0.5333333328125 0.48333333281249996 0.4933333328125 0.45999999999999996 0.44000000000000006 0.4033333328125 0.4266666671875 0.3533333328125 0.4533333328125
0 0.54 0.1866666671875 0.5333333328125 0.2266666671875 0.54 0.31555555625 0.5766666671875 0.3333333328125 0.6666666671875 0.29333333281249996 0.6766666671875 0.24 0.65 0.16 0.5900000000000001 0.14666666718750002 0.54 0.1866666671875
0 0.5066666671875 0.4888888890625 0.5 0.5333333328125 0.5466666671875 0.6088888890625 0.61 0.6266666671875 0.63 0.5688888890625 0.6566666671875 0.542222221875 0.67 0.48 0.65 0.4533333328125 0.58 0.44444444375 0.5066666671875 0.4888888890625
0 0.5066666671875 0.6888888890625 0.49000000000000005 0.737777778125 0.5233333328125 0.8088888890625 0.5666666671875 0.8355555562499999 0.7 0.7688888890625 0.7466666671875 0.7111111109375 0.7466666671875 0.6933333328125 0.6799999999999999 0.7066666671874999 0.6599999999999999 0.68444444375 0.5900000000000001 0.6799999999999999 0.5066666671875 0.6888888890625
0 0.75 0.15555555625 0.7566666671875 0.23555555625000002 0.7733333328125 0.2488888890625 0.8266666671875 0.24444444375000002 0.8400000000000001 0.222222221875 0.8366666671875 0.14666666718750002 0.8133333328125 0.12444444375 0.7733333328125 0.12 0.75 0.15555555625
0 0.7833333328125 0.2533333328125 0.7566666671875 0.27999999999999997 0.74 0.3333333328125 0.7466666671875 0.36 0.8533333328125 0.3688888890625 0.8666666671875 0.35555555625 0.8533333328125 0.31555555625 0.8566666671875 0.24444444375000002 0.8300000000000001 0.24 0.7833333328125 0.2533333328125
0 0.0033333328125 0.40888888906250004 0.0066666671875 0.4711111109375 0.0366666671875 0.4933333328125 0.10333333281249998 0.48 0.1066666671875 0.40444444375 0.0933333328125 0.377777778125 0.0733333328125 0.37333333281250003 0.0033333328125 0.40888888906250004
0 0.32999999999999996 0.6488888890625 0.33999999999999997 0.6933333328125 0.4066666671875 0.6977777781250001 0.43666666718749997 0.6666666671875 0.43666666718749997 0.6488888890625 0.4066666671875 0.622222221875 0.3533333328125 0.617777778125 0.32999999999999996 0.6488888890625
0 0.37333333281250003 0.782222221875 0.4033333328125 0.8488888890625 0.5 0.8088888890625 0.5 0.7866666671875 0.47000000000000003 0.75555555625 0.3966666671875 0.7511111109375 0.37333333281250003 0.782222221875
0 0.3896484375 0.859375 0.4345703125 0.8385416671874999 0.5263671875 0.84375 0.7294921875 0.7526041671875 0.791015625 0.6731770828125 0.76953125 0.5872395828125 0.7294921875 0.5885416671875 0.7158203125 0.5572916671875 0.6650390625 0.5572916671875 0.673828125 0.4778645828125 0.662109375 0.4544270828125 0.5712890625 0.4322916671875 0.5322265625 0.3619791671875 0.4287109375 0.4036458328125 0.3720703125 0.3932291671875 0.3505859375 0.40625 0.330078125 0.4361979171875 0.322265625 0.56640625 0.2685546875 0.6380208328125 0.2373046875 0.6302083328125 0.224609375 0.67578125 0.189453125 0.6940104171875 0.162109375 0.7747395828125 0.20703125 0.8111979171874999 0.197265625 0.8372395828125001 0.2216796875 0.8932291671874999 0.2705078125 0.8880208328125001 0.318359375 0.9153645828125001 0.3720703125 0.8932291671874999 0.3896484375 0.859375
0 0.666015625 0.3528645828125 0.681640625 0.3111979171875 0.7158203125 0.2708333328125 0.75 0.2747395828125 0.7421875 0.33984375 0.7548828125 0.3541666671875 0.853515625 0.34765625 0.845703125 0.2981770828125 0.857421875 0.24609375 0.80859375 0.23567708281250002 0.849609375 0.1627604171875 0.8427734375 0.1197916671875 0.8193359375 0.1067708328125 0.6943359375 0.125 0.6162109375 0.1171875 0.5712890625 0.1380208328125 0.5361328125 0.1822916671875 0.4638671875 0.20833333281250002 0.4111328125 0.20052083281250002 0.318359375 0.3111979171875 0.3203125 0.3346354171875 0.3779296875 0.3932291671875 0.4267578125 0.4010416671875 0.5322265625 0.359375 0.55078125 0.3684895828125 0.5791015625 0.4270833328125 0.646484375 0.4361979171875 0.669921875 0.4127604171875 0.666015625 0.3528645828125
0 0.0634765625 0.4296875 0.0849609375 0.421875 0.1083984375 0.4427083328125 0.1455078125 0.390625 0.19140625 0.3580729171875 0.1572265625 0.3411458328125 0.0009765625 0.3932291671875 0.005859375 0.5559895828125 0.056640625 0.48828125 0.0634765625 0.4296875