0 0.2671875 0.7109375 0.12109375 0.1375
0 0.3933333328125 0.4533333328125 0.3533333328125 0.5066666671875 0.35 0.5733333328125 0.47000000000000003 0.5822222218750001 0.48333333281249996 0.56444444375 0.48333333281249996 0.462222221875 0.46333333281250005 0.44444444375 0.42000000000000004 0.44444444375 0.3933333328125 0.4533333328125
0 0.4733333328125 0.6799999999999999 0.43 0.7111111109375 0.43 0.7466666671875 0.46666666718750005 0.8400000000000001 0.5233333328125 0.8 0.5333333328125 0.7466666671875 0.5566666671875 0.7244444437500001 0.5466666671875 0.6799999999999999 0.5233333328125 0.6711111109375001 0.4733333328125 0.6799999999999999
0 0.51 0.32444444375 0.5066666671875 0.36444444374999996 0.46666666718750005 0.377777778125 0.48 0.41333333281250006 0.5233333328125 0.4311111109375 0.6033333328125 0.4266666671875 0.6233333328125 0.3688888890625 0.65 0.342222221875 0.65 0.3111111109375 0.63 0.27555555625 0.58 0.262222221875 0.51 0.32444444375
0 0.5599999999999999 0.5688888890625 0.5566666671875 0.67555555625 0.5733333328125 0.7111111109375 0.6033333328125 0.72 0.6333333328124999 0.6711111109375001 0.6900000000000001 0.6311111109375 0.67 0.5688888890625 0.5966666671875 0.5555555562500001 0.5599999999999999 0.5688888890625
0 0.6933333328125 0.36444444374999996 0.6933333328125 0.41777777812499994 0.72 0.44444444375 0.78 0.4311111109375 0.8 0.382222221875 0.7966666671875 0.35555555625 0.72 0.32444444375 0.6933333328125 0.36444444374999996
0 0.11000000000000001 0.30222222187500003 0.08333333281250001 0.337777778125 0.09 0.36444444374999996 0.1666666671875 0.36444444374999996 0.1666666671875 0.31555555625 0.1366666671875 0.29333333281249996 0.11000000000000001 0.30222222187500003
0 0.8251953125 0.4140625 0.8310546875 0.4010416671875 0.8935546875 0.4114583328125 0.943359375 0.36328125 0.9453125 0.33203125 0.9228515625 0.3020833328125 0.8505859375 0.2734375 0.7958984375 0.2734375 0.7333984375 0.234375 0.6728515625 0.23958333281250002 0.6328125 0.26953125 0.6484375 0.32421875 0.638671875 0.34765625 0.646484375 0.4153645828125 0.65625 0.4153645828125 0.6591796875 0.3645833328125 0.66796875 0.4466145828125 0.6767578125 0.4270833328125 0.6845703125 0.4505208328125 0.6904296875 0.4348958328125 0.7001953125 0.4557291671875 0.7060546875 0.4375 0.732421875 0.46484375 0.8076171875 0.3984375 0.8251953125 0.4140625
0 0.5205078125 0.3854166671875 0.5263671875 0.3671875 0.5341796875 0.3854166671875 0.5419921875 0.3645833328125 0.6123046875 0.3567708328125 0.630859375 0.33984375 0.638671875 0.2747395828125 0.654296875 0.2669270828125 0.5126953125 0.23177083281250002 0.3955078125 0.2994791671875 0.38671875 0.3216145828125 0.39453125 0.3528645828125 0.4345703125 0.3880208328125 0.44140625 0.37890625 0.4658203125 0.3828125 0.47265625 0.4049479171875 0.4775390625 0.3854166671875 0.5205078125 0.3854166671875
0 0.3291015625 0.8828125 0.3515625 0.8606770828125001 0.3544921875 0.5572916671875 0.3251953125 0.5520833328125 0.2822265625 0.5963541671875 0.2490234375 0.5729166671875 0.2275390625 0.6197916671875 0.1943359375 0.6145833328125 0.142578125 0.6888020828125 0.16796875 0.7356770828125 0.16015625 0.76171875 0.1875 0.8346354171874999 0.2255859375 0.8385416671874999 0.2470703125 0.8802083328125001 0.275390625 0.8841145828125001 0.2919921875 0.8723958328125001 0.3291015625 0.8828125
0 0.7734375 0.83203125 0.767578125 0.73828125 0.7333984375 0.7291666671875 0.7255859375 0.6953125 0.6884765625 0.6875 0.669921875 0.6627604171875 0.697265625 0.63671875 0.720703125 0.46484375 0.6591796875 0.4739583328125 0.6396484375 0.4479166671875 0.5830078125 0.4270833328125 0.4814453125 0.4348958328125 0.4365234375 0.40625 0.4052734375 0.4088541671875 0.376953125 0.43359375 0.34765625 0.5559895828125 0.326171875 0.55859375 0.337890625 0.6158854171875 0.322265625 0.63671875 0.3232421875 0.671875 0.33203125 0.6575520828125 0.3203125 0.73046875 0.33203125 0.7643229171875 0.330078125 0.8658854171874999 0.3525390625 0.8411458328125001 0.3720703125 0.8645833328125001 0.4287109375 0.8489583328125001 0.4404296875 0.8854166671874999 0.4814453125 0.8932291671874999 0.4970703125 0.8723958328125001 0.5166015625 0.8958333328125001 0.578125 0.8971354171874999 0.7041015625 0.8854166671874999 0.7734375 0.83203125
0 0.1318359375 0.3229166671875 0.1572265625 0.3255208328125 0.1728515625 0.3541666671875 0.2119140625 0.3151041671875 0.2626953125 0.3072916671875 0.263671875 0.2877604171875 0.1767578125 0.2578125 0.0009765625 0.28125 0 0.4049479171875 0.041015625 0.4127604171875 0.0966796875 0.3828125 0.1318359375 0.3229166671875