0 0 0.2666666671875 0.1666666671875 0.257777778125 0.2033333328125 0.2266666671875 0.2733333328125 0.2311111109375 0.27 0.20444444375 0.21000000000000002 0.177777778125 0 0.13333333281249998 0 0.2666666671875
0 0.1966666671875 0.6088888890625 0.1966666671875 0.72 0.25 0.76 0.29 0.7511111109375 0.3 0.6799999999999999 0.29 0.6711111109375001 0.29 0.5911111109375 0.2233333328125 0.5866666671874999 0.1966666671875 0.6088888890625
0 0.37 0.5822222218750001 0.3566666671875 0.68444444375 0.37666666718749997 0.7244444437500001 0.4233333328125 0.737777778125 0.5 0.7288888890624999 0.52 0.6799999999999999 0.5133333328125 0.5822222218750001 0.4266666671875 0.56444444375 0.37 0.5822222218750001
0 0.44333333281250004 0.76444444375 0.4166666671875 0.8088888890625 0.4266666671875 0.862222221875 0.45 0.8888888890625 0.52 0.9066666671875 0.52 0.7866666671875 0.51 0.76 0.4966666671875 0.76 0.44333333281250004 0.76444444375
0 0.4933333328125 0.39555555625 0.48333333281249996 0.46666666718750005 0.53 0.502222221875 0.6266666671875 0.5111111109375 0.5966666671875 0.44888888906249996 0.5933333328125 0.4 0.5766666671875 0.3866666671875 0.4933333328125 0.39555555625
0 0.7133333328125 0.4 0.7 0.457777778125 0.67 0.48 0.67 0.5288888890625 0.6866666671874999 0.5511111109375 0.74 0.5822222218750001 0.8366666671875 0.5599999999999999 0.97 0.5599999999999999 0.9666666671874999 0.5288888890625 0.9133333328125 0.4711111109375 0.8 0.39555555625 0.7433333328125 0.382222221875 0.7133333328125 0.4
0 0.5599999999999999 0.6311111109375 0.5700000000000001 0.7511111109375 0.6833333328125 0.76 0.7 0.737777778125 0.6966666671875 0.6977777781250001 0.64 0.6266666671875 0.58 0.6133333328125 0.5599999999999999 0.6311111109375
0 0.6066666671875 0.8222222218749999 0.5733333328125 0.8711111109375 0.58 0.937777778125 0.6266666671875 1 0.7066666671874999 0.9866666671875001 0.72 0.9733333328124999 0.7366666671875 0.88444444375 0.71 0.862222221875 0.7066666671874999 0.8311111109375 0.6433333328125 0.8044444437499999 0.6066666671875 0.8222222218749999
0 0.39 0.51555555625 0.41333333281250006 0.5377777781249999 0.45 0.5377777781249999 0.46666666718750005 0.52 0.46333333281250005 0.46666666718750005 0.4233333328125 0.44444444375 0.39 0.51555555625
0 0.4933333328125 0.30222222187500003 0.48 0.3333333328125 0.62 0.32444444375 0.6 0.29333333281249996 0.5566666671875 0.28444444375 0.4933333328125 0.30222222187500003
0 0.8133333328125 0.657777778125 0.8133333328125 0.6888888890625 0.8766666671875001 0.742222221875 0.9133333328125 0.7466666671875 0.9566666671874999 0.6666666671875 0.9066666671875 0.6266666671875 0.8666666671875 0.617777778125 0.8133333328125 0.657777778125
0 0.9716796875 0.5208333328125 0.9150390625 0.46875 0.8623046875 0.4453125 0.8076171875 0.3854166671875 0.7001953125 0.3671875 0.6533203125 0.3385416671875 0.6357421875 0.3463541671875 0.6298828125 0.3203125 0.5986328125 0.2994791671875 0.4755859375 0.3229166671875 0.462890625 0.3424479171875 0.486328125 0.43359375 0.5322265625 0.4869791671875 0.6826171875 0.5286458328125 0.6884765625 0.5494791671875 0.7451171875 0.5494791671875 0.7529296875 0.53125 0.7587890625 0.5494791671875 0.7666015625 0.53125 0.7939453125 0.5442708328125 0.8017578125 0.53125 0.8212890625 0.5494791671875 0.8642578125 0.5416666671875 0.9111328125 0.5833333328125 0.9130859375 0.5703125 0.9501953125 0.5651041671875 0.9560546875 0.59375 0.9658203125 0.5703125 0.97265625 0.5924479171875 0.990234375 0.5533854171875 0.9716796875 0.5208333328125
0 0.91796875 0.70703125 0.9521484375 0.6614583328125 0.8935546875 0.6197916671875 0.8603515625 0.6197916671875 0.814453125 0.6549479171875 0.8232421875 0.6927083328125 0.912109375 0.7643229171875 0.921875 0.7513020828125 0.91796875 0.70703125
0 0.736328125 0.8815104171874999 0.662109375 0.77734375 0.693359375 0.7565104171875 0.712890625 0.68359375 0.734375 0.6653645828125 0.748046875 0.62109375 0.80078125 0.58984375 0.791015625 0.44921875 0.7734375 0.40234375 0.7958984375 0.390625 0.7548828125 0.375 0.7119140625 0.3828125 0.6767578125 0.3541666671875 0.6337890625 0.359375 0.626953125 0.3268229171875 0.5927734375 0.3046875 0.4794921875 0.328125 0.46875 0.3528645828125 0.486328125 0.4309895828125 0.4287109375 0.4348958328125 0.3701171875 0.5442708328125 0.2958984375 0.5625 0.2685546875 0.5364583328125 0.2451171875 0.5651041671875 0.2080078125 0.5546875 0.150390625 0.6002604171875 0.15625 0.74609375 0.197265625 0.7747395828125 0.2216796875 0.8359375 0.2626953125 0.8359375 0.2783203125 0.8567708328125001 0.3857421875 0.859375 0.3935546875 0.9010416671874999 0.4287109375 0.921875 0.4521484375 0.9140625 0.5068359375 0.9609375 0.6220703125 0.9947916671874999 0.69140625 0.9934895828125001 0.724609375 0.97265625 0.736328125 0.8815104171874999
0 0.1552734375 0.2942708328125 0.2294921875 0.2630208328125 0.2431640625 0.2890625 0.2900390625 0.2734375 0.3388671875 0.2838541671875 0.34765625 0.2643229171875 0.3369140625 0.23958333281250002 0.2548828125 0.1901041671875 0.0009765625 0.140625 0 0.28515625 0.048828125 0.2955729171875 0.0849609375 0.2760416671875 0.1552734375 0.2942708328125