0 0.2266666671875 0.662222221875 0.2133333328125 0.7111111109375 0.30333333281249997 0.782222221875 0.3533333328125 0.7733333328125 0.3966666671875 0.6933333328125 0.36666666718749996 0.6488888890625 0.3233333328125 0.64444444375 0.2266666671875 0.662222221875
0 0.43666666718749997 0.6666666671875 0.44333333281250004 0.737777778125 0.5266666671875 0.75555555625 0.5599999999999999 0.7288888890624999 0.5700000000000001 0.68444444375 0.5566666671875 0.657777778125 0.4533333328125 0.6311111109375 0.43666666718749997 0.6666666671875
0 0.17333333281250002 0.1911111109375 0.14666666718750002 0.2133333328125 0.14666666718750002 0.2311111109375 0.1666666671875 0.262222221875 0.27 0.2888888890625 0.29333333281249996 0.2488888890625 0.2966666671875 0.20888888906249997 0.2833333328125 0.177777778125 0.25666666718750003 0.17333333281250002 0.17333333281250002 0.1911111109375
0 0.37 0.31555555625 0.3933333328125 0.41777777812499994 0.42000000000000004 0.4311111109375 0.44000000000000006 0.4 0.5 0.382222221875 0.4966666671875 0.337777778125 0.48 0.31555555625 0.43 0.27999999999999997 0.4033333328125 0.27999999999999997 0.37 0.31555555625
0 0.4766666671875 0.4888888890625 0.5 0.5866666671874999 0.5700000000000001 0.5555555562500001 0.5666666671875 0.4933333328125 0.52 0.47555555624999996 0.4766666671875 0.4888888890625
0 0.64 0.657777778125 0.6366666671875 0.7022222218749999 0.65 0.7466666671875 0.7233333328125 0.7733333328125 0.7466666671875 0.7466666671875 0.7533333328125 0.6533333328125 0.6966666671875 0.622222221875 0.64 0.657777778125
0 0.5066666671875 0.2533333328125 0.4966666671875 0.30222222187500003 0.5333333328125 0.39555555625 0.5833333328125 0.40444444375 0.6533333328125 0.35555555625 0.6566666671875 0.3066666671875 0.6233333328125 0.2488888890625 0.5833333328125 0.2133333328125 0.5366666671875 0.20888888906249997 0.5066666671875 0.2533333328125
0 0.5966666671875 0.4711111109375 0.5966666671875 0.5111111109375 0.62 0.5511111109375 0.67 0.5688888890625 0.6799999999999999 0.51555555625 0.67 0.4533333328125 0.6266666671875 0.44000000000000006 0.5966666671875 0.4711111109375
0 0.5933333328125 0.8444444437499999 0.5900000000000001 0.8666666671875 0.65 0.9288888890625 0.7033333328125 0.9288888890625 0.7233333328125 0.8977777781249999 0.7233333328125 0.8222222218749999 0.6666666671875 0.76 0.5933333328125 0.8444444437499999
0 0.29333333281249996 0.30222222187500003 0.32 0.3466666671875 0.3366666671875 0.29333333281249996 0.31 0.27555555625 0.29333333281249996 0.30222222187500003
0 0.7880859375 0.875 0.814453125 0.8190104171874999 0.806640625 0.7955729171875 0.837890625 0.7565104171875 0.8076171875 0.6744791671875 0.7802734375 0.6666666671875 0.7587890625 0.6171875 0.7294921875 0.625 0.677734375 0.5559895828125 0.666015625 0.4309895828125 0.62109375 0.3893229171875 0.66796875 0.3294270828125 0.6611328125 0.2994791671875 0.5791015625 0.2109375 0.4365234375 0.1953125 0.4072265625 0.15625 0.3583984375 0.1380208328125 0.1552734375 0.1458333328125 0.12890625 0.16796875 0.126953125 0.19921875 0.15625 0.26953125 0.123046875 0.28515625 0.1328125 0.3502604171875 0.12109375 0.3919270828125 0.15234375 0.4231770828125 0.149302890625 0.4051978296875 0.15625 0.42578125 0.1640625 0.4309895828125 0.1553624484375 0.41328335312500003 0.171875 0.4231770828125 0.181640625 0.42578125 0.1796006828125 0.40358068906250005 0.1892959203125 0.4051978296875 0.21111036562500002 0.41004913125 0.1904296875 0.40625 0.23046875 0.4205729171875 0.23413670625 0.3890267859375 0.251953125 0.3893229171875 0.2685546875 0.3828125 0.2802734375 0.4036458328125 0.28125 0.3841145828125 0.302734375 0.3658854171875 0.3203125 0.4700520828125 0.30859375 0.53515625 0.31640625 0.5846354171875 0.2783203125 0.5859375 0.2646484375 0.6145833328125 0.2294921875 0.6145833328125 0.2109375 0.6966145828125 0.2470703125 0.7630208328125 0.4228515625 0.8385416671874999 0.5224609375 0.8567708328125001 0.5517578125 0.8385416671874999 0.6162109375 0.8567708328125001 0.6376953125 0.8932291671874999 0.7109375 0.91015625 0.7412109375 0.875 0.7880859375 0.875
0 0.9111328125 0.3333333328125 0.806640625 0.3294270828125 0.8798828125 0.4244791671875 0.9033203125 0.3984375 0.9267578125 0.40625 0.939453125 0.4700520828125 1 0.52734375 0.9970703125 0.3723958328125 0.9111328125 0.3333333328125