0 0.16999999999999998 0.35555555625 0.0733333328125 0.3911111109375 0.0733333328125 0.41777777812499994 0.15 0.44444444375 0.2233333328125 0.44000000000000006 0.2366666671875 0.4 0.23333333281250002 0.35111111093749997 0.2166666671875 0.3288888890625 0.1933333328125 0.3288888890625 0.16999999999999998 0.35555555625
0 0.2866666671875 0.36 0.30333333281249997 0.4533333328125 0.36666666718749996 0.48444444375 0.3866666671875 0.4266666671875 0.4166666671875 0.40444444375 0.38 0.35111111093749997 0.3266666671875 0.337777778125 0.2866666671875 0.36
0 0.3066666671875 0.59555555625 0.3 0.6488888890625 0.31 0.6666666671875 0.3466666671875 0.67555555625 0.4066666671875 0.657777778125 0.43666666718749997 0.5822222218750001 0.4233333328125 0.5555555562500001 0.3866666671875 0.542222221875 0.3066666671875 0.59555555625
0 0.27999999999999997 0.742222221875 0.2766666671875 0.7733333328125 0.24 0.777777778125 0.24 0.8266666671875 0.27999999999999997 0.9066666671875 0.35 0.9199999999999999 0.3966666671875 0.8755555562499999 0.41333333281250006 0.7866666671875 0.37 0.7244444437500001 0.32999999999999996 0.7244444437500001 0.27999999999999997 0.742222221875
0 0.48333333281249996 0.76 0.5 0.782222221875 0.5566666671875 0.782222221875 0.5766666671875 0.7466666671875 0.5666666671875 0.67555555625 0.48 0.63555555625 0.48333333281249996 0.76
0 0.4233333328125 0.36444444374999996 0.3633333328125 0.35111111093749997 0.3633333328125 0.3911111109375 0.38 0.42222222187499997 0.41 0.4266666671875 0.4166666671875 0.41333333281250006 0.44000000000000006 0.44888888906249996 0.51 0.4533333328125 0.5466666671875 0.40888888906250004 0.55 0.36444444374999996 0.5366666671875 0.337777778125 0.48333333281249996 0.32444444375 0.4233333328125 0.36444444374999996
0 0.51 0.5333333328125 0.51 0.56444444375 0.5333333328125 0.59555555625 0.6033333328125 0.6133333328125 0.6433333328125 0.6 0.65 0.5688888890625 0.63 0.51555555625 0.5566666671875 0.502222221875 0.51 0.5333333328125
0 0.6566666671875 0.6666666671875 0.6599999999999999 0.76 0.6766666671875 0.7866666671875 0.7333333328125 0.79555555625 0.7466666671875 0.777777778125 0.74 0.6711111109375001 0.71 0.6266666671875 0.6799999999999999 0.6266666671875 0.6566666671875 0.6666666671875
0 1 0.2533333328125 0.8533333328125 0.24 0.7633333328125 0.2666666671875 0.7566666671875 0.28444444375 0.7933333328125001 0.3066666671875 0.8466666671875 0.2888888890625 0.8733333328124999 0.35111111093749997 1 0.40888888906250004 1 0.2533333328125
0 0.0633333328125 0.51555555625 0.09 0.6088888890625 0.1166666671875 0.6133333328125 0.2 0.5599999999999999 0.1833333328125 0.5066666671875 0.1566666671875 0.48444444375 0.1166666671875 0.48444444375 0.0633333328125 0.51555555625
0 0.41 0.4933333328125 0.4166666671875 0.52444444375 0.44666666718750003 0.5555555562500001 0.4766666671875 0.5511111109375 0.4933333328125 0.52444444375 0.4933333328125 0.4888888890625 0.4766666671875 0.4711111109375 0.43333333281249997 0.4711111109375 0.41 0.4933333328125
0 0.24 0.27999999999999997 0.22999999999999998 0.30222222187500003 0.32999999999999996 0.29333333281249996 0.31 0.2666666671875 0.2766666671875 0.2666666671875 0.24 0.27999999999999997
0 0.44000000000000006 0.8266666671875 0.43666666718749997 0.8711111109375 0.46666666718750005 0.902222221875 0.4933333328125 0.902222221875 0.51 0.88444444375 0.5133333328125 0.8311111109375 0.4766666671875 0.8088888890625 0.44000000000000006 0.8266666671875
0 0.5732421875 0.890625 0.5888671875 0.8515625 0.6611328125 0.8567708328125001 0.6865234375 0.8776041671874999 0.7119140625 0.859375 0.7607421875 0.8671875 0.7841796875 0.8203125 0.830078125 0.80078125 0.8359375 0.71484375 0.85546875 0.6627604171875 0.8017578125 0.5963541671875 0.7724609375 0.6015625 0.7451171875 0.5651041671875 0.7138671875 0.5859375 0.6728515625 0.5494791671875 0.6474609375 0.5494791671875 0.611328125 0.4309895828125 0.5546875 0.40234375 0.58203125 0.31640625 0.5068359375 0.2630208328125 0.4384765625 0.2578125 0.4208984375 0.2838541671875 0.3701171875 0.28125 0.3447265625 0.296875 0.3017578125 0.2760416671875 0.2470703125 0.2786458328125 0.0546875 0.37109375 0.041015625 0.4205729171875 0.0810546875 0.4635416671875 0.12109375 0.4778645828125 0.060546875 0.5143229171875 0.083984375 0.5559895828125 0.0849609375 0.6015625 0.1103515625 0.6041666671875 0.1923828125 0.5625 0.203125 0.54296875 0.1875 0.5065104171875 0.1962890625 0.4895833328125 0.2470703125 0.5 0.26953125 0.5247395828125 0.2734375 0.5690104171875 0.294921875 0.58984375 0.29296875 0.6393229171875 0.326171875 0.7044270828125 0.2802734375 0.7317708328125 0.2705078125 0.7708333328125 0.23828125 0.7825520828125 0.2412109375 0.8802083328125001 0.3154296875 0.921875 0.4921875 0.9205729171874999 0.5146484375 0.8958333328125001 0.5732421875 0.890625
0 0.9248046875 0.23177083281250002 0.8154296875 0.23177083281250002 0.720703125 0.2669270828125 0.7236328125 0.2864583328125 0.7646484375 0.2916666671875 0.8095703125 0.3307291671875 0.8271484375 0.2864583328125 0.8486328125 0.2838541671875 0.8857421875 0.3541666671875 0.9716796875 0.3645833328125 1 0.4205729171875 0.9990234375 0.2526041671875 0.9248046875 0.23177083281250002