0 0.1266666671875 0.17333333281250002 0.1166666671875 0.2133333328125 0.19 0.2488888890625 0.26 0.18222222187499998 0.1833333328125 0.15555555625 0.1266666671875 0.17333333281250002
0 0.27 0.2133333328125 0.2533333328125 0.2711111109375 0.29333333281249996 0.3288888890625 0.35 0.337777778125 0.3633333328125 0.3111111109375 0.3633333328125 0.2266666671875 0.3433333328125 0.19555555625 0.31 0.1911111109375 0.27 0.2133333328125
0 0.12 0.30222222187500003 0.1266666671875 0.40888888906250004 0.24333333281249997 0.39555555625 0.22000000000000003 0.3111111109375 0.13999999999999999 0.29333333281249996 0.12 0.30222222187500003
0 0.27 0.6266666671875 0.2266666671875 0.6311111109375 0.2066666671875 0.7244444437500001 0.27999999999999997 0.8 0.36 0.777777778125 0.4066666671875 0.7111111109375 0.3866666671875 0.64444444375 0.3233333328125 0.6044444437500001 0.2766666671875 0.6044444437500001 0.27 0.6266666671875
0 0.44000000000000006 0.5333333328125 0.43666666718749997 0.6311111109375 0.48666666718749996 0.64444444375 0.5033333328125 0.617777778125 0.51 0.5466666671875 0.46333333281250005 0.5066666671875 0.44000000000000006 0.5333333328125
0 0.5 0.2666666671875 0.49000000000000005 0.3333333328125 0.5133333328125 0.39555555625 0.5700000000000001 0.40888888906250004 0.64 0.35555555625 0.6466666671875 0.32444444375 0.5966666671875 0.24444444375000002 0.5466666671875 0.21777777812500002 0.5 0.2666666671875
0 0.5733333328125 0.4933333328125 0.5666666671875 0.5333333328125 0.6 0.577777778125 0.6633333328125001 0.59555555625 0.6766666671875 0.5688888890625 0.6733333328125 0.51555555625 0.6533333328125 0.48444444375 0.6033333328125 0.4711111109375 0.5733333328125 0.4933333328125
0 0.5900000000000001 0.7022222218749999 0.5700000000000001 0.75555555625 0.62 0.7911111109375 0.6566666671875 0.7733333328125 0.6733333328125 0.7066666671874999 0.63 0.6888888890625 0.5900000000000001 0.7022222218749999
0 0.46333333281250005 0.8133333328125 0.5033333328125 0.8533333328125 0.5133333328125 0.8444444437499999 0.5166666671875 0.7688888890625 0.4733333328125 0.7333333328125 0.46333333281250005 0.8133333328125
0 1 0.36 0.8633333328124999 0.337777778125 0.8366666671875 0.35555555625 0.8866666671875001 0.44444444375 0.9199999999999999 0.44888888906249996 0.96 0.4888888890625 1 0.47555555624999996 1 0.36
0 0.7900390625 0.875 0.81640625 0.8190104171874999 0.814453125 0.7903645828125 0.84375 0.7486979171875 0.833984375 0.7096354171875 0.8076171875 0.6692708328125 0.7783203125 0.6614583328125 0.7626953125 0.6145833328125 0.7294921875 0.6223958328125 0.673828125 0.5559895828125 0.662109375 0.4283854171875 0.6171875 0.3919270828125 0.66015625 0.31640625 0.6005859375 0.234375 0.5537109375 0.203125 0.5146484375 0.21614583281250002 0.4326171875 0.203125 0.3955078125 0.1614583328125 0.3505859375 0.1458333328125 0.1474609375 0.1588541671875 0.12109375 0.1809895828125 0.12109375 0.21744791718749998 0.1474609375 0.2578125 0.203125 0.2747395828125 0.2041015625 0.3177083328125 0.2119140625 0.28125 0.2470703125 0.2838541671875 0.318359375 0.3893229171875 0.3125 0.5455729171875 0.333984375 0.5872395828125 0.2763671875 0.5963541671875 0.2646484375 0.6302083328125 0.228515625 0.6263020828125 0.2109375 0.7122395828125 0.2392578125 0.7578125 0.2802734375 0.7890625 0.4384765625 0.8463541671874999 0.4736328125 0.8385416671874999 0.4833984375 0.8541666671874999 0.5283203125 0.859375 0.5732421875 0.84375 0.6201171875 0.8567708328125001 0.6396484375 0.890625 0.716796875 0.9049479171874999 0.7431640625 0.875 0.7900390625 0.875
0 0.244140625 0.3736979171875 0.21875 0.31640625 0.1923828125 0.2942708328125 0.1181640625 0.2916666671875 0.130859375 0.3606770828125 0.115234375 0.40234375 0.138671875 0.41796875 0.2294921875 0.4010416671875 0.244140625 0.3736979171875
0 0.9072265625 0.3255208328125 0.80078125 0.32421875 0.8037109375 0.3463541671875 0.8369140625 0.3567708328125 0.8759765625 0.4166666671875 0.8974609375 0.3880208328125 0.9248046875 0.3984375 0.9375 0.46484375 1 0.5221354171875 0.9990234375 0.3645833328125 0.9072265625 0.3255208328125