0 0.10333333281249998 0.2266666671875 0.0933333328125 0.2533333328125 0.1 0.32444444375 0.1933333328125 0.337777778125 0.2066666671875 0.3066666671875 0.21000000000000002 0.21777777812500002 0.1966666671875 0.2 0.14666666718750002 0.2 0.10333333281249998 0.2266666671875
0 0.24666666718750002 0.27999999999999997 0.29 0.3466666671875 0.3366666671875 0.35555555625 0.35 0.3288888890625 0.35 0.24 0.32999999999999996 0.2133333328125 0.29 0.20888888906249997 0.24666666718750002 0.27999999999999997
0 0.13999999999999999 0.342222221875 0.14666666718750002 0.41333333281250006 0.16 0.4311111109375 0.2033333328125 0.4266666671875 0.22000000000000003 0.39555555625 0.2066666671875 0.35555555625 0.1833333328125 0.3333333328125 0.15 0.3333333328125 0.13999999999999999 0.342222221875
0 0.2633333328125 0.6533333328125 0.2266666671875 0.6533333328125 0.2366666671875 0.7333333328125 0.3066666671875 0.76 0.37 0.7466666671875 0.37666666718749997 0.6888888890625 0.36 0.64444444375 0.2766666671875 0.6266666671875 0.2633333328125 0.6533333328125
0 0.36 0.5511111109375 0.38333333281250004 0.617777778125 0.44666666718750003 0.6266666671875 0.48 0.6088888890625 0.49000000000000005 0.5466666671875 0.4766666671875 0.52444444375 0.3966666671875 0.51555555625 0.36 0.5511111109375
0 0.4033333328125 0.72 0.4 0.76444444375 0.44000000000000006 0.8133333328125 0.45999999999999996 0.8177777781250001 0.47000000000000003 0.7911111109375 0.48 0.8355555562499999 0.52 0.8400000000000001 0.52 0.8088888890625 0.5566666671875 0.7288888890624999 0.5333333328125 0.6977777781250001 0.46333333281250005 0.6933333328125 0.4033333328125 0.72
0 0.65 0.7911111109375 0.6533333328125 0.8311111109375 0.6799999999999999 0.88444444375 0.73 0.8933333328125 0.74 0.8755555562499999 0.7433333328125 0.71555555625 0.6799999999999999 0.7022222218749999 0.65 0.7911111109375
0 0.4966666671875 0.5911111109375 0.5266666671875 0.6488888890625 0.6233333328125 0.6666666671875 0.6466666671875 0.6488888890625 0.6566666671875 0.5911111109375 0.6433333328125 0.5688888890625 0.55 0.5466666671875 0.4966666671875 0.5911111109375
0 0.41333333281250006 0.30222222187500003 0.4266666671875 0.3866666671875 0.4933333328125 0.39555555625 0.51 0.3688888890625 0.51 0.32444444375 0.4933333328125 0.27555555625 0.43666666718749997 0.2488888890625 0.41333333281250006 0.30222222187500003
0 0.53 0.4711111109375 0.5366666671875 0.5066666671875 0.5733333328125 0.52 0.6033333328125 0.5066666671875 0.6033333328125 0.457777778125 0.55 0.44444444375 0.53 0.4711111109375
0 0.5266666671875 0.2533333328125 0.5433333328125001 0.35111111093749997 0.5700000000000001 0.377777778125 0.6366666671875 0.36 0.6433333328125 0.30222222187500003 0.5533333328125 0.2311111109375 0.5266666671875 0.2533333328125
0 0.8699999999999999 0.3466666671875 0.9099999999999999 0.4311111109375 0.97 0.48 1 0.46666666718750005 0.9966666671875 0.342222221875 0.8733333328124999 0.32444444375 0.8699999999999999 0.3466666671875
0 0.2866666671875 0.8133333328125 0.3066666671875 0.8355555562499999 0.36 0.8444444437499999 0.37333333281250003 0.8311111109375 0.37 0.8 0.2966666671875 0.79555555625 0.2866666671875 0.8133333328125
0 0.3 0.39555555625 0.3 0.48 0.3166666671875 0.497777778125 0.3566666671875 0.502222221875 0.41 0.46666666718750005 0.41 0.40888888906250004 0.36666666718749996 0.377777778125 0.3 0.39555555625
0 0.7978515625 0.8619791671874999 0.8203125 0.8033854171874999 0.814453125 0.7799479171875 0.849609375 0.7356770828125 0.8359375 0.6940104171875 0.8076171875 0.65625 0.7783203125 0.6510416671875 0.7568359375 0.6041666671875 0.7294921875 0.6197916671875 0.666015625 0.5533854171875 0.650390625 0.4309895828125 0.6298828125 0.40625 0.6005859375 0.3932291671875 0.5244140625 0.40625 0.4931640625 0.3932291671875 0.4755859375 0.3567708328125 0.4228515625 0.34375 0.4052734375 0.3880208328125 0.390625 0.3763020828125 0.40625 0.37109375 0.3916015625 0.3697916671875 0.373046875 0.3919270828125 0.384765625 0.3971354171875 0.3779296875 0.4348958328125 0.3564453125 0.3880208328125 0.3125 0.4309895828125 0.328125 0.4518229171875 0.3125 0.4544270828125 0.310546875 0.5716145828125 0.333984375 0.60546875 0.3193359375 0.6223958328125 0.2724609375 0.625 0.2626953125 0.65625 0.2265625 0.6575520828125 0.212890625 0.7408854171875 0.2392578125 0.7838541671875 0.2841796875 0.8151041671874999 0.4033203125 0.8515625 0.4423828125 0.859375 0.4775390625 0.84375 0.4912109375 0.8645833328125001 0.5380859375 0.8645833328125001 0.5556640625 0.84375 0.5869140625 0.84375 0.6025390625 0.8619791671874999 0.6337890625 0.8541666671874999 0.6494140625 0.8880208328125001 0.6806640625 0.8802083328125001 0.724609375 0.8997395828125001 0.7529296875 0.8619791671874999 0.7978515625 0.8619791671874999
0 0.6298828125 0.359375 0.6484375 0.32421875 0.642578125 0.2981770828125 0.5458984375 0.2109375 0.4951171875 0.22395833281250002 0.4287109375 0.21354166718749998 0.4296875 0.2799479171875 0.451171875 0.29296875 0.451171875 0.3294270828125 0.470703125 0.3372395828125 0.4873046875 0.3854166671875 0.546875 0.41015625 0.5986328125 0.3932291671875 0.6298828125 0.359375
0 0.1767578125 0.4375 0.2177734375 0.4296875 0.201171875 0.4205729171875 0.2275390625 0.421875 0.236328125 0.38671875 0.2451171875 0.3802083328125 0.2470703125 0.3984375 0.2587890625 0.3697916671875 0.3115234375 0.4348958328125 0.3251953125 0.4192708328125 0.3955078125 0.4114583328125 0.423828125 0.37109375 0.427734375 0.3372395828125 0.4453125 0.33984375 0.4423828125 0.3072916671875 0.42578125 0.3190104171875 0.42578125 0.2825520828125 0.4375 0.23046875 0.453125 0.21744791718749998 0.4111328125 0.21875 0.3740234375 0.1796875 0.3251953125 0.1692708328125 0.1240234375 0.1979166671875 0.099609375 0.22265625 0.1015625 0.25390625 0.140625 0.32421875 0.103515625 0.3372395828125 0.119140625 0.38671875 0.10546875 0.4309895828125 0.123046875 0.4466145828125 0.1728515625 0.4244791671875 0.1767578125 0.4375
0 0.8935546875 0.3046875 0.7890625 0.3138020828125 0.8642578125 0.3880208328125 0.8896484375 0.359375 0.9130859375 0.3671875 0.931640625 0.4388020828125 1 0.4830729171875 0.9990234375 0.3385416671875 0.8935546875 0.3046875