0 0.04 0.48444444375 0.0233333328125 0.51555555625 0.0266666671875 0.542222221875 0.13333333281249998 0.542222221875 0.1633333328125 0.52444444375 0.1633333328125 0.457777778125 0.1366666671875 0.4266666671875 0.04 0.48444444375
0 0.1766666671875 0.4 0.17333333281250002 0.41777777812499994 0.2366666671875 0.4888888890625 0.33999999999999997 0.4888888890625 0.3233333328125 0.3866666671875 0.3 0.36444444374999996 0.25 0.35555555625 0.1766666671875 0.4
0 0.2966666671875 0.6 0.27999999999999997 0.622222221875 0.32 0.737777778125 0.38 0.6977777781250001 0.3866666671875 0.6488888890625 0.41333333281250006 0.622222221875 0.4066666671875 0.59555555625 0.37 0.5866666671874999 0.2966666671875 0.6
0 0.26 0.8577777781249999 0.2666666671875 0.8977777781249999 0.3433333328125 0.942222221875 0.3966666671875 0.9466666671875 0.41333333281250006 0.9333333328125001 0.44333333281250004 0.862222221875 0.44000000000000006 0.8222222218749999 0.33999999999999997 0.79555555625 0.26 0.8577777781249999
0 0.3166666671875 0.377777778125 0.35 0.4711111109375 0.4766666671875 0.48 0.51 0.44000000000000006 0.5166666671875 0.36 0.4733333328125 0.32 0.4266666671875 0.31555555625 0.3166666671875 0.377777778125
0 0.4233333328125 0.5288888890625 0.38 0.5288888890625 0.37 0.5733333328125 0.3533333328125 0.5733333328125 0.3533333328125 0.5866666671874999 0.41 0.5911111109375 0.46333333281250005 0.6266666671875 0.51 0.6133333328125 0.5133333328125 0.5288888890625 0.44333333281250004 0.5111111109375 0.4233333328125 0.5288888890625
0 0.48666666718749996 0.7288888890624999 0.53 0.7866666671875 0.5700000000000001 0.7911111109375 0.5933333328125 0.76 0.5766666671875 0.6888888890625 0.49000000000000005 0.6711111109375001 0.48666666718749996 0.7288888890624999
0 0.58 0.542222221875 0.5933333328125 0.5822222218750001 0.6233333328125 0.59555555625 0.6566666671875 0.5688888890625 0.6566666671875 0.5466666671875 0.6 0.502222221875 0.58 0.542222221875
0 0.6766666671875 0.64444444375 0.6833333328125 0.777777778125 0.7433333328125 0.7911111109375 0.77 0.7466666671875 0.77 0.6799999999999999 0.7366666671875 0.617777778125 0.6933333328125 0.59555555625 0.6766666671875 0.64444444375
0 0.8133333328125 0.222222221875 0.82 0.27555555625 0.86 0.3111111109375 0.9400000000000001 0.31555555625 0.9466666671875 0.2533333328125 0.9366666671875 0.2133333328125 0.9133333328125 0.1911111109375 0.8833333328125 0.1911111109375 0.8133333328125 0.222222221875
0 0.5400390625 0.9010416671874999 0.5615234375 0.9166666671874999 0.5986328125 0.8958333328125001 0.6103515625 0.8541666671874999 0.7138671875 0.859375 0.7294921875 0.8411458328125001 0.7802734375 0.8359375 0.8037109375 0.78125 0.84375 0.75390625 0.853515625 0.6184895828125 0.8232421875 0.5833333328125 0.7939453125 0.5651041671875 0.7607421875 0.5729166671875 0.7353515625 0.5416666671875 0.7080078125 0.5677083328125 0.6552734375 0.5390625 0.6318359375 0.5442708328125 0.5810546875 0.4322916671875 0.5234375 0.4205729171875 0.54296875 0.3294270828125 0.4462890625 0.2916666671875 0.3935546875 0.3020833328125 0.3740234375 0.3359375 0.3330078125 0.3359375 0.3037109375 0.359375 0.2587890625 0.3463541671875 0.2060546875 0.359375 0.1474609375 0.4166666671875 0.1005859375 0.4322916671875 0.0341796875 0.484375 0.015625 0.51953125 0.0322265625 0.5520833328125 0.0849609375 0.5703125 0.1455078125 0.5651041671875 0.1669921875 0.5442708328125 0.259765625 0.5950520828125 0.30859375 0.7356770828125 0.337890625 0.75390625 0.3291015625 0.78125 0.2890625 0.8033854171874999 0.2880859375 0.8411458328125001 0.2578125 0.85546875 0.265625 0.9466145828125001 0.3056640625 0.96875 0.353515625 0.9700520828125001 0.5166015625 0.9375 0.5400390625 0.9010416671874999
0 0.1875 0.6263020828125 0.1455078125 0.5859375 0.1103515625 0.5833333328125 0.046875 0.6263020828125 0.080078125 0.66796875 0.080078125 0.72265625 0.1015625 0.7278645828125 0.185546875 0.6497395828125 0.1875 0.6263020828125
0 0.9501953125 0.2994791671875 0.9990234375 0.2864583328125 1 0.1731770828125 0.7666015625 0.1979166671875 0.671875 0.2565104171875 0.6767578125 0.28125 0.7216796875 0.2708333328125 0.7705078125 0.2916666671875 0.77734375 0.25390625 0.8056640625 0.2421875 0.8330078125 0.2916666671875 0.861328125 0.3033854171875 0.9013671875 0.2838541671875 0.9501953125 0.2994791671875