0 0 0.3288888890625 0.11333333281249999 0.3333333328125 0.1433333328125 0.31555555625 0.1633333328125 0.262222221875 0.2033333328125 0.27999999999999997 0.2266666671875 0.2711111109375 0.2133333328125 0.24444444375000002 0.09 0.2311111109375 0 0.24 0 0.3288888890625
0 0.24333333281249997 0.6 0.2 0.6 0.1566666671875 0.657777778125 0.2266666671875 0.8222222218749999 0.2833333328125 0.777777778125 0.29 0.7511111109375 0.2733333328125 0.6977777781250001 0.2833333328125 0.6044444437500001 0.25666666718750003 0.5733333328125 0.24333333281249997 0.6
0 0.36 0.6266666671875 0.3566666671875 0.6533333328125 0.37666666718749997 0.72 0.5 0.72 0.51 0.662222221875 0.48 0.6133333328125 0.38333333281250004 0.6044444437500001 0.36 0.6266666671875
0 0.45999999999999996 0.7866666671875 0.4566666671875 0.8133333328125 0.47000000000000003 0.8133333328125 0.45999999999999996 0.8444444437499999 0.5466666671875 0.8711111109375 0.5633333328125001 0.8355555562499999 0.5566666671875 0.782222221875 0.5133333328125 0.7688888890625 0.45999999999999996 0.7866666671875
0 0.36666666718749996 0.5066666671875 0.36666666718749996 0.56444444375 0.47000000000000003 0.56444444375 0.5333333328125 0.5866666671874999 0.61 0.5511111109375 0.6233333328125 0.5288888890625 0.6266666671875 0.48 0.6 0.4888888890625 0.5633333328125001 0.462222221875 0.51 0.462222221875 0.47000000000000003 0.4311111109375 0.43 0.4266666671875 0.36666666718749996 0.5066666671875
0 0.5766666671875 0.67555555625 0.5966666671875 0.76 0.6466666671875 0.76444444375 0.6733333328125 0.737777778125 0.6666666671875 0.6711111109375001 0.6366666671875 0.64444444375 0.6 0.64 0.5766666671875 0.67555555625
0 0.43333333281249997 0.32 0.43 0.337777778125 0.4966666671875 0.44000000000000006 0.5733333328125 0.44000000000000006 0.5900000000000001 0.3911111109375 0.5900000000000001 0.3111111109375 0.5733333328125 0.27555555625 0.53 0.2711111109375 0.43333333281249997 0.32
0 0.65 0.35555555625 0.6533333328125 0.4266666671875 0.6666666671875 0.44444444375 0.7133333328125 0.44444444375 0.73 0.41333333281250006 0.73 0.36 0.6666666671875 0.3288888890625 0.65 0.35555555625
0 0.8400000000000001 0.41333333281250006 0.8933333328125 0.41777777812499994 0.9233333328125 0.4 0.8833333328125 0.35111111093749997 0.8099999999999999 0.3333333328125 0.8099999999999999 0.37333333281250003 0.8400000000000001 0.41333333281250006
0 0.8066666671875 0.46666666718750005 0.7833333328125 0.502222221875 0.8 0.56444444375 0.8466666671875 0.5555555562500001 0.8699999999999999 0.577777778125 0.8966666671875 0.577777778125 0.93 0.5333333328125 0.9333333328125001 0.48 0.9233333328125 0.46666666718750005 0.8333333328125001 0.457777778125 0.8066666671875 0.46666666718750005
0 0.3266666671875 0.7466666671875 0.3266666671875 0.7866666671875 0.3433333328125 0.8488888890625 0.3566666671875 0.8577777781249999 0.4033333328125 0.777777778125 0.38 0.7333333328125 0.33999999999999997 0.7333333328125 0.3266666671875 0.7466666671875
0 0.6366666671875 0.8177777781250001 0.63 0.8666666671875 0.6566666671875 0.9199999999999999 0.71 0.9199999999999999 0.7433333328125 0.88444444375 0.7566666671875 0.8088888890625 0.6533333328125 0.8 0.6366666671875 0.8177777781250001
0 0.7578125 0.8033854171874999 0.7236328125 0.7916666671875 0.7197265625 0.7552083328125 0.66796875 0.7200520828125 0.69921875 0.6861979171875 0.697265625 0.62109375 0.6376953125 0.578125 0.5888671875 0.5885416671875 0.5869140625 0.5703125 0.5361328125 0.5677083328125 0.5185546875 0.5364583328125 0.4833984375 0.5260416671875 0.4716796875 0.4895833328125 0.4404296875 0.4791666671875 0.4345703125 0.5338541671875 0.3681640625 0.5286458328125 0.3564453125 0.5520833328125 0.3369140625 0.546875 0.2861328125 0.5833333328125 0.2587890625 0.5572916671875 0.2333984375 0.5963541671875 0.2001953125 0.5885416671875 0.1669921875 0.6145833328125 0.146484375 0.65234375 0.171875 0.69921875 0.158203125 0.71484375 0.166015625 0.7877604171875 0.2080078125 0.8098958328125001 0.2392578125 0.8619791671874999 0.2861328125 0.8567708328125001 0.3056640625 0.875 0.3291015625 0.8567708328125001 0.4072265625 0.8541666671874999 0.4208984375 0.8958333328125001 0.4541015625 0.9114583328125001 0.4794921875 0.9010416671874999 0.5126953125 0.9270833328125001 0.685546875 0.93359375 0.755859375 0.8919270828125001 0.7578125 0.8033854171874999
0 0.5869140625 0.4270833328125 0.6318359375 0.4322916671875 0.6513671875 0.3958333328125 0.6796875 0.3815104171875 0.677734375 0.3190104171875 0.5576171875 0.2604166671875 0.4365234375 0.3046875 0.423828125 0.33203125 0.451171875 0.4049479171875 0.5009765625 0.4505208328125 0.53125 0.4518229171875 0.5693359375 0.4479166671875 0.5869140625 0.4270833328125
0 0.91796875 0.5924479171875 0.9443359375 0.5390625 0.8759765625 0.5078125 0.8447265625 0.5182291671875 0.806640625 0.5638020828125 0.8115234375 0.5911458328125 0.91015625 0.65234375 0.923828125 0.6393229171875 0.91796875 0.5924479171875
0 0.6845703125 0.5651041671875 0.7041015625 0.5416666671875 0.7236328125 0.5546875 0.7587890625 0.515625 0.8212890625 0.4869791671875 0.8388671875 0.5078125 0.9189453125 0.5 0.9638671875 0.4661458328125 0.97265625 0.4309895828125 0.9501953125 0.3984375 0.8779296875 0.3541666671875 0.8212890625 0.3411458328125 0.7705078125 0.2994791671875 0.7158203125 0.2942708328125 0.6826171875 0.3151041671875 0.6142578125 0.2994791671875 0.60546875 0.3216145828125 0.62109375 0.4049479171875 0.63671875 0.41015625 0.6328125 0.4674479171875 0.669921875 0.5794270828125 0.6748046875 0.5520833328125 0.6845703125 0.5651041671875
0 0.1357421875 0.3307291671875 0.1650390625 0.28125 0.1845703125 0.28125 0.2080078125 0.3151041671875 0.2470703125 0.2890625 0.2958984375 0.2890625 0.294921875 0.2669270828125 0.2001953125 0.22135416718749998 0.0009765625 0.22916666718749998 0.0078125 0.4049479171875 0.0439453125 0.3645833328125 0.1357421875 0.3307291671875