0 0 0.36 0.0566666671875 0.39555555625 0.0933333328125 0.3866666671875 0.1266666671875 0.342222221875 0.1533333328125 0.342222221875 0.19 0.3066666671875 0.16999999999999998 0.27999999999999997 0.0566666671875 0.27999999999999997 0 0.30222222187500003 0 0.36
0 0.2266666671875 0.6533333328125 0.2266666671875 0.742222221875 0.2533333328125 0.7466666671875 0.2766666671875 0.7244444437500001 0.2766666671875 0.617777778125 0.26 0.6133333328125 0.2266666671875 0.6533333328125
0 0.43666666718749997 0.7333333328125 0.43666666718749997 0.75555555625 0.45999999999999996 0.8044444437499999 0.4533333328125 0.8711111109375 0.4966666671875 0.88444444375 0.5233333328125 0.782222221875 0.52 0.7066666671874999 0.4966666671875 0.7111111109375 0.4766666671875 0.6888888890625 0.43666666718749997 0.7333333328125
0 0.3533333328125 0.52 0.3533333328125 0.5688888890625 0.4966666671875 0.5822222218750001 0.5333333328125 0.542222221875 0.5333333328125 0.502222221875 0.5133333328125 0.48444444375 0.41333333281250006 0.48 0.3533333328125 0.52
0 0.3933333328125 0.32444444375 0.41333333281250006 0.382222221875 0.46333333281250005 0.4266666671875 0.5033333328125 0.4266666671875 0.54 0.40444444375 0.5633333328125001 0.32 0.5266666671875 0.24 0.48666666718749996 0.23555555625000002 0.3933333328125 0.32444444375
0 0.63 0.257777778125 0.6599999999999999 0.35555555625 0.7233333328125 0.36444444374999996 0.82 0.342222221875 0.7933333328125001 0.27555555625 0.76 0.24 0.67 0.2266666671875 0.63 0.257777778125
0 0.6333333328124999 0.4711111109375 0.6333333328124999 0.51555555625 0.6966666671875 0.56444444375 0.72 0.51555555625 0.72 0.462222221875 0.6466666671875 0.44888888906249996 0.6333333328124999 0.4711111109375
0 0.6033333328125 0.7244444437500001 0.55 0.737777778125 0.5599999999999999 0.782222221875 0.5933333328125 0.7866666671875 0.64 0.8400000000000001 0.6966666671875 0.8400000000000001 0.7766666671875 0.8088888890625 0.77 0.71555555625 0.7366666671875 0.7111111109375 0.7266666671875 0.6799999999999999 0.6333333328124999 0.657777778125 0.6033333328125 0.7244444437500001
0 0.3333333328125 0.68444444375 0.3466666671875 0.75555555625 0.38 0.7733333328125 0.42000000000000004 0.7688888890625 0.43333333281249997 0.6799999999999999 0.4066666671875 0.662222221875 0.3566666671875 0.662222221875 0.3333333328125 0.68444444375
0 0.8333333328125001 0.39555555625 0.8766666671875001 0.42222222187499997 0.9199999999999999 0.41777777812499994 0.9433333328125 0.342222221875 0.9366666671875 0.30222222187500003 0.9099999999999999 0.2711111109375 0.8300000000000001 0.2711111109375 0.8333333328125001 0.39555555625
0 0.5537109375 0.3854166671875 0.6015625 0.37109375 0.625 0.2981770828125 0.6201171875 0.21875 0.4873046875 0.21875 0.388671875 0.29296875 0.37890625 0.3294270828125 0.3896484375 0.3645833328125 0.4541015625 0.4192708328125 0.498046875 0.4231770828125 0.5458984375 0.4140625 0.5537109375 0.3854166671875
0 0.900390625 0.47265625 0.923828125 0.4283854171875 0.9169921875 0.4140625 0.8349609375 0.40625 0.7890625 0.4674479171875 0.8017578125 0.4973958328125 0.900390625 0.5325520828125 0.912109375 0.5169270828125 0.900390625 0.47265625
0 0.8935546875 0.3828125 0.931640625 0.3372395828125 0.935546875 0.3059895828125 0.9072265625 0.2708333328125 0.8369140625 0.24739583281250002 0.7841796875 0.24739583281250002 0.7197265625 0.21614583281250002 0.6611328125 0.22135416718749998 0.630859375 0.2591145828125 0.650390625 0.3528645828125 0.6845703125 0.4088541671875 0.7177734375 0.4192708328125 0.7236328125 0.40625 0.732421875 0.4283854171875 0.7978515625 0.3776041671875 0.8935546875 0.3828125
0 0.3349609375 0.8854166671874999 0.3505859375 0.8489583328125001 0.3798828125 0.8645833328125001 0.4267578125 0.84375 0.4462890625 0.8802083328125001 0.4814453125 0.8854166671874999 0.5087890625 0.8567708328125001 0.5830078125 0.8802083328125001 0.6259765625 0.8567708328125001 0.7119140625 0.8645833328125001 0.77734375 0.80859375 0.771484375 0.7200520828125 0.7353515625 0.7135416671875 0.7255859375 0.6770833328125 0.669921875 0.6549479171875 0.701171875 0.58984375 0.6923828125 0.5338541671875 0.6220703125 0.5182291671875 0.59375 0.5299479171875 0.611328125 0.5091145828125 0.5986328125 0.4270833328125 0.4697265625 0.4296875 0.4248046875 0.4036458328125 0.3955078125 0.4088541671875 0.369140625 0.4361979171875 0.3427734375 0.5546875 0.3212890625 0.5546875 0.2783203125 0.6015625 0.2470703125 0.5833333328125 0.2255859375 0.6276041671875 0.1943359375 0.6276041671875 0.1669921875 0.6588541671875 0.150390625 0.7018229171875 0.171875 0.7486979171875 0.166015625 0.7747395828125 0.18359375 0.8294270828125001 0.2314453125 0.8463541671874999 0.2587890625 0.8880208328125001 0.28515625 0.88671875 0.3056640625 0.8697916671874999 0.3349609375 0.8854166671874999