0 0.0966666671875 0.27999999999999997 0.0733333328125 0.32 0.12 0.3466666671875 0.2266666671875 0.35555555625 0.25 0.342222221875 0.24333333281249997 0.262222221875 0.1966666671875 0.2533333328125 0.0966666671875 0.27999999999999997
0 0.3233333328125 0.337777778125 0.3133333328125 0.4266666671875 0.3133333328125 0.4711111109375 0.3366666671875 0.52444444375 0.3966666671875 0.4933333328125 0.41333333281250006 0.40888888906250004 0.3966666671875 0.337777778125 0.3466666671875 0.32 0.3233333328125 0.337777778125
0 0.2266666671875 0.8088888890625 0.3066666671875 0.8577777781249999 0.38 0.8355555562499999 0.41333333281250006 0.76 0.41333333281250006 0.742222221875 0.3933333328125 0.7288888890624999 0.2866666671875 0.7333333328125 0.24 0.7066666671874999 0.2266666671875 0.8088888890625
0 0.48 0.5377777781249999 0.49000000000000005 0.6088888890625 0.5166666671875 0.6311111109375 0.5666666671875 0.6266666671875 0.5766666671875 0.5866666671874999 0.5666666671875 0.52 0.5033333328125 0.5066666671875 0.48 0.5377777781249999
0 0.64 0.76 0.5633333328125001 0.7688888890625 0.5466666671875 0.8088888890625 0.55 0.8755555562499999 0.6333333328124999 0.88444444375 0.6833333328125 0.91555555625 0.7466666671875 0.9066666671875 0.7733333328125 0.8311111109375 0.7733333328125 0.7733333328125 0.7433333328125 0.742222221875 0.6633333328125001 0.742222221875 0.64 0.76
0 0.44000000000000006 0.32 0.4933333328125 0.40444444375 0.5366666671875 0.42222222187499997 0.6 0.3466666671875 0.6033333328125 0.32444444375 0.5566666671875 0.27555555625 0.5 0.2666666671875 0.44000000000000006 0.32
0 0.6366666671875 0.56444444375 0.6433333328125 0.64444444375 0.6766666671875 0.6488888890625 0.7166666671875 0.622222221875 0.6866666671874999 0.5555555562500001 0.6466666671875 0.5466666671875 0.6366666671875 0.56444444375
0 0.3266666671875 0.5822222218750001 0.3266666671875 0.64444444375 0.3366666671875 0.6666666671875 0.42000000000000004 0.6888888890625 0.43 0.6799999999999999 0.4233333328125 0.5555555562500001 0.3866666671875 0.5511111109375 0.3266666671875 0.5822222218750001
0 0.25666666718750003 0.24444444375000002 0.32 0.30222222187500003 0.3566666671875 0.30222222187500003 0.3933333328125 0.24444444375000002 0.3533333328125 0.2133333328125 0.30333333281249997 0.2133333328125 0.25666666718750003 0.24444444375000002
0 1 0.3066666671875 0.8800000000000001 0.29333333281249996 0.8566666671875 0.3111111109375 0.8699999999999999 0.377777778125 0.96 0.41333333281250006 1 0.3866666671875 1 0.3066666671875
0 0.46333333281250005 0.72 0.47000000000000003 0.7866666671875 0.5033333328125 0.8044444437499999 0.5166666671875 0.742222221875 0.5466666671875 0.7333333328125 0.4766666671875 0.6933333328125 0.46333333281250005 0.72
0 0.0966666671875 0.42222222187499997 0.0966666671875 0.51555555625 0.19 0.5111111109375 0.2133333328125 0.48 0.21000000000000002 0.44888888906249996 0.1833333328125 0.40444444375 0.1366666671875 0.39555555625 0.0966666671875 0.42222222187499997
0 0.814453125 0.8372395828125001 0.8515625 0.7018229171875 0.8076171875 0.6328125 0.7763671875 0.6302083328125 0.7568359375 0.5885416671875 0.7236328125 0.6015625 0.658203125 0.5455729171875 0.634765625 0.42578125 0.5859375 0.3893229171875 0.62109375 0.3268229171875 0.6162109375 0.2994791671875 0.5087890625 0.22395833281250002 0.4775390625 0.2265625 0.4580078125 0.24739583281250002 0.4248046875 0.234375 0.3740234375 0.24479166718749998 0.3447265625 0.21614583281250002 0.2978515625 0.2109375 0.2216796875 0.23958333281250002 0.1689453125 0.23697916718749998 0.07421875 0.2825520828125 0.07421875 0.3216145828125 0.12109375 0.38671875 0.08203125 0.4075520828125 0.099609375 0.4544270828125 0.0986328125 0.515625 0.1162109375 0.5234375 0.2177734375 0.4791666671875 0.2265625 0.4388020828125 0.2109375 0.4075520828125 0.2197265625 0.3984375 0.2666015625 0.4296875 0.28515625 0.4700520828125 0.302734375 0.54296875 0.302734375 0.61328125 0.326171875 0.6419270828125 0.3173828125 0.6588541671875 0.2724609375 0.6692708328125 0.2626953125 0.7005208328125 0.228515625 0.70703125 0.216796875 0.7955729171875 0.2451171875 0.8307291671874999 0.2880859375 0.859375 0.4404296875 0.8828125 0.4912109375 0.859375 0.5087890625 0.8802083328125001 0.5498046875 0.8776041671874999 0.5810546875 0.8515625 0.6650390625 0.8854166671874999 0.6923828125 0.875 0.728515625 0.8893229171874999 0.7666015625 0.8489583328125001 0.814453125 0.8372395828125001
0 0.8662109375 0.2734375 0.763671875 0.29296875 0.7978515625 0.3098958328125 0.8408203125 0.3645833328125 0.8544921875 0.3359375 0.8798828125 0.3255208328125 0.9169921875 0.4088541671875 1 0.4440104171875 0.9990234375 0.3020833328125 0.8662109375 0.2734375