0 0.0433333328125 0.377777778125 0.04 0.4311111109375 0.13333333281249998 0.44888888906249996 0.1833333328125 0.37333333281250003 0.17333333281250002 0.35111111093749997 0.11000000000000001 0.337777778125 0.0433333328125 0.377777778125
0 0.22999999999999998 0.3288888890625 0.22000000000000003 0.36 0.1766666671875 0.36 0.1666666671875 0.377777778125 0.24333333281249997 0.44888888906249996 0.30333333281249997 0.46666666718750005 0.32999999999999996 0.457777778125 0.3533333328125 0.42222222187499997 0.33999999999999997 0.31555555625 0.32999999999999996 0.30222222187500003 0.2633333328125 0.30222222187500003 0.22999999999999998 0.3288888890625
0 0.0633333328125 0.5066666671875 0.1 0.6 0.2 0.5599999999999999 0.2 0.5288888890625 0.16999999999999998 0.4888888890625 0.1166666671875 0.48 0.0633333328125 0.5066666671875
0 0.3166666671875 0.7466666671875 0.29 0.7733333328125 0.24 0.7733333328125 0.2366666671875 0.8755555562499999 0.3066666671875 0.92444444375 0.3566666671875 0.9199999999999999 0.3966666671875 0.8711111109375 0.41 0.7911111109375 0.38333333281250004 0.76 0.31 0.7333333328125 0.3166666671875 0.7466666671875
0 0.30333333281249997 0.59555555625 0.30333333281249997 0.6666666671875 0.36 0.6666666671875 0.4066666671875 0.6888888890625 0.46666666718750005 0.6799999999999999 0.48 0.657777778125 0.48333333281249996 0.5911111109375 0.4566666671875 0.56444444375 0.4266666671875 0.5599999999999999 0.30333333281249997 0.59555555625
0 0.4533333328125 0.8444444437499999 0.5 0.8711111109375 0.5233333328125 0.8666666671875 0.5433333328125001 0.8355555562499999 0.5599999999999999 0.75555555625 0.48 0.7244444437500001 0.4533333328125 0.8444444437499999
0 0.5599999999999999 0.6666666671875 0.5233333328125 0.6666666671875 0.5266666671875 0.68444444375 0.5933333328125 0.7466666671875 0.6599999999999999 0.7511111109375 0.67 0.737777778125 0.6766666671875 0.68444444375 0.6666666671875 0.64 0.58 0.6311111109375 0.5599999999999999 0.6666666671875
0 0.45 0.2888888890625 0.44666666718750003 0.3466666671875 0.4733333328125 0.41333333281250006 0.51 0.43555555625000003 0.53 0.40888888906250004 0.55 0.31555555625 0.5233333328125 0.27999999999999997 0.46666666718750005 0.2666666671875 0.45 0.2888888890625
0 0.38 0.47555555624999996 0.4533333328125 0.5555555562500001 0.5366666671875 0.502222221875 0.5333333328125 0.44888888906249996 0.42000000000000004 0.44888888906249996 0.38 0.47555555624999996
0 0.54 0.52 0.5533333328125 0.5599999999999999 0.61 0.5866666671874999 0.6433333328125 0.5866666671874999 0.6666666671875 0.56444444375 0.6666666671875 0.542222221875 0.6333333328124999 0.4888888890625 0.5900000000000001 0.47555555624999996 0.54 0.52
0 0.7333333328125 0.2666666671875 0.73 0.27999999999999997 0.7966666671875 0.3111111109375 0.8400000000000001 0.297777778125 0.8833333328125 0.3466666671875 1 0.3333333328125 0.9966666671875 0.2533333328125 0.85 0.23555555625000002 0.7333333328125 0.2666666671875
0 0.5087890625 0.8802083328125001 0.5263671875 0.9010416671874999 0.5712890625 0.890625 0.5849609375 0.8515625 0.6357421875 0.8645833328125001 0.6650390625 0.8541666671874999 0.6845703125 0.8776041671874999 0.7080078125 0.859375 0.7568359375 0.8697916671874999 0.7802734375 0.8229166671874999 0.8134765625 0.8203125 0.83203125 0.7981770828125 0.837890625 0.71484375 0.85546875 0.66796875 0.8037109375 0.6015625 0.7705078125 0.6067708328125 0.7470703125 0.5703125 0.7138671875 0.5885416671875 0.6748046875 0.5520833328125 0.6455078125 0.5520833328125 0.6259765625 0.4869791671875 0.6123046875 0.5286458328125 0.5908203125 0.4895833328125 0.5537109375 0.5 0.5185546875 0.484375 0.5 0.50390625 0.501953125 0.5247395828125 0.4638671875 0.5598958328125 0.3662109375 0.5598958328125 0.3017578125 0.5911458328125 0.302734375 0.6627604171875 0.33203125 0.69140625 0.3173828125 0.71875 0.2783203125 0.7291666671875 0.2705078125 0.7682291671875 0.23828125 0.77734375 0.236328125 0.8658854171874999 0.3193359375 0.9192708328125001 0.416015625 0.91796875 0.4892578125 0.9140625 0.5087890625 0.8802083328125001
0 0.642578125 0.5091145828125 0.615234375 0.4674479171875 0.61328125 0.4309895828125 0.5849609375 0.4114583328125 0.5517578125 0.4114583328125 0.4990234375 0.4479166671875 0.4580078125 0.4401041671875 0.369140625 0.46484375 0.369140625 0.55078125 0.3818359375 0.5677083328125 0.4765625 0.5690104171875 0.6376953125 0.5546875 0.642578125 0.5091145828125
0 0.580078125 0.3606770828125 0.583984375 0.30859375 0.5107421875 0.2604166671875 0.4658203125 0.24739583281250002 0.4345703125 0.2578125 0.4248046875 0.2864583328125 0.408203125 0.2877604171875 0.419921875 0.4075520828125 0.4443359375 0.4401041671875 0.5078125 0.4440104171875 0.556640625 0.4049479171875 0.580078125 0.3606770828125
0 0.3671875 0.4205729171875 0.3515625 0.41015625 0.365234375 0.3971354171875 0.333984375 0.3450520828125 0.3759765625 0.2838541671875 0.3330078125 0.296875 0.3017578125 0.2734375 0.2470703125 0.28125 0.1806640625 0.3177083328125 0.1240234375 0.3255208328125 0.0595703125 0.359375 0.041015625 0.38671875 0.046875 0.4231770828125 0.0830078125 0.4583333328125 0.1630859375 0.4609375 0.1708984375 0.4427083328125 0.27734375 0.5065104171875 0.3671875 0.4518229171875 0.3671875 0.4205729171875
0 0.9052734375 0.23177083281250002 0.8173828125 0.234375 0.720703125 0.2721354171875 0.7236328125 0.2864583328125 0.7685546875 0.2942708328125 0.8076171875 0.328125 0.8271484375 0.2890625 0.8544921875 0.2864583328125 0.869140625 0.3372395828125 0.8916015625 0.359375 1 0.3815104171875 0.9990234375 0.2526041671875 0.9052734375 0.23177083281250002