0 0.06 0.36 0.0433333328125 0.382222221875 0.0466666671875 0.41777777812499994 0.2166666671875 0.44000000000000006 0.2533333328125 0.4311111109375 0.2766666671875 0.3911111109375 0.27 0.3466666671875 0.2266666671875 0.3111111109375 0.19 0.3111111109375 0.06 0.36
0 0.3266666671875 0.7022222218749999 0.3333333328125 0.75555555625 0.32 0.7244444437500001 0.27999999999999997 0.7333333328125 0.2833333328125 0.7733333328125 0.3233333328125 0.777777778125 0.3433333328125 0.76 0.38 0.7866666671875 0.4 0.7733333328125 0.38333333281250004 0.6799999999999999 0.3466666671875 0.6666666671875 0.3266666671875 0.7022222218749999
0 0.3066666671875 0.377777778125 0.3166666671875 0.42222222187499997 0.37666666718749997 0.44444444375 0.3933333328125 0.41333333281250006 0.43333333281249997 0.40888888906250004 0.38333333281250004 0.31555555625 0.3433333328125 0.3066666671875 0.3066666671875 0.377777778125
0 0.3 0.5911111109375 0.31 0.662222221875 0.4166666671875 0.6488888890625 0.44333333281250004 0.6088888890625 0.46333333281250005 0.6044444437500001 0.47000000000000003 0.5822222218750001 0.45999999999999996 0.56444444375 0.39 0.5377777781249999 0.3 0.5911111109375
0 0.4733333328125 0.7066666671874999 0.4766666671875 0.8044444437499999 0.51 0.8577777781249999 0.5366666671875 0.862222221875 0.5566666671875 0.8488888890625 0.5766666671875 0.742222221875 0.5666666671875 0.72 0.51 0.6933333328125 0.4733333328125 0.7066666671874999
0 0.4766666671875 0.46666666718750005 0.49000000000000005 0.4888888890625 0.48 0.5066666671875 0.5333333328125 0.5599999999999999 0.64 0.5599999999999999 0.6466666671875 0.5111111109375 0.6233333328125 0.44444444375 0.5733333328125 0.41777777812499994 0.4766666671875 0.46666666718750005
0 0.6566666671875 0.67555555625 0.6633333328125001 0.7733333328125 0.6833333328125 0.7911111109375 0.7333333328125 0.79555555625 0.7533333328125 0.7688888890625 0.7533333328125 0.6666666671875 0.72 0.622222221875 0.6933333328125 0.617777778125 0.6566666671875 0.67555555625
0 0.24333333281249997 0.8577777781249999 0.2366666671875 0.8755555562499999 0.3133333328125 0.9333333328125001 0.4166666671875 0.9333333328125001 0.4933333328125 0.9111111109375001 0.42000000000000004 0.8444444437499999 0.3966666671875 0.8400000000000001 0.24333333281249997 0.8577777781249999
0 0.43333333281249997 0.2888888890625 0.43 0.3466666671875 0.44000000000000006 0.382222221875 0.47000000000000003 0.41333333281250006 0.5133333328125 0.41777777812499994 0.58 0.3288888890625 0.5233333328125 0.2711111109375 0.4566666671875 0.257777778125 0.43333333281249997 0.2888888890625
0 0.8666666671875 0.27555555625 0.89 0.35555555625 0.9733333328124999 0.3688888890625 1 0.35111111093749997 0.9966666671875 0.2711111109375 0.9033333328125 0.2533333328125 0.8666666671875 0.27555555625
0 0.5233333328125 0.6088888890625 0.5333333328125 0.657777778125 0.5700000000000001 0.6666666671875 0.5900000000000001 0.6488888890625 0.5933333328125 0.617777778125 0.58 0.6 0.54 0.5911111109375 0.5233333328125 0.6088888890625
0 0.5263671875 0.9010416671874999 0.5693359375 0.890625 0.5830078125 0.8489583328125001 0.6337890625 0.8645833328125001 0.6630859375 0.8541666671874999 0.6865234375 0.8802083328125001 0.7060546875 0.8567708328125001 0.7587890625 0.8697916671874999 0.7802734375 0.8229166671874999 0.8154296875 0.8203125 0.830078125 0.80078125 0.841796875 0.73828125 0.82421875 0.7174479171875 0.83984375 0.7096354171875 0.853515625 0.66796875 0.8017578125 0.6041666671875 0.7705078125 0.609375 0.7470703125 0.5703125 0.7177734375 0.59375 0.6728515625 0.5520833328125 0.6376953125 0.5651041671875 0.3642578125 0.5677083328125 0.3037109375 0.5963541671875 0.296875 0.6341145828125 0.330078125 0.6966145828125 0.3154296875 0.7161458328125 0.2763671875 0.7239583328125 0.2705078125 0.7630208328125 0.236328125 0.7721354171875 0.236328125 0.86328125 0.3115234375 0.9114583328125001 0.48046875 0.9127604171874999 0.5068359375 0.875 0.5263671875 0.9010416671874999
0 0.3642578125 0.46875 0.3818359375 0.4505208328125 0.5048828125 0.4453125 0.5361328125 0.4270833328125 0.556640625 0.4075520828125 0.591796875 0.3216145828125 0.5185546875 0.2604166671875 0.4775390625 0.24739583281250002 0.4384765625 0.2552083328125 0.4228515625 0.2838541671875 0.3740234375 0.2734375 0.3369140625 0.2864583328125 0.3037109375 0.2630208328125 0.2490234375 0.265625 0.1826171875 0.3098958328125 0.0673828125 0.3463541671875 0.041015625 0.3815104171875 0.048828125 0.41796875 0.0908203125 0.4557291671875 0.1396484375 0.4557291671875 0.1845703125 0.4322916671875 0.28125 0.51171875 0.3232421875 0.4609375 0.3642578125 0.46875
0 0.4755859375 0.5677083328125 0.5361328125 0.546875 0.6416015625 0.5520833328125 0.64453125 0.51171875 0.615234375 0.4622395828125 0.615234375 0.4309895828125 0.5791015625 0.4088541671875 0.5087890625 0.4453125 0.4150390625 0.4427083328125 0.3662109375 0.4635416671875 0.3291015625 0.453125 0.275390625 0.5013020828125 0.326241971875 0.57337665625 0.328125 0.5716145828125 0.3681640625 0.5546875 0.4755859375 0.5677083328125
0 0.19921875 0.5221354171875 0.1630859375 0.4765625 0.1337890625 0.4661458328125 0.0615234375 0.4895833328125 0.083984375 0.5455729171875 0.078125 0.5924479171875 0.1015625 0.60546875 0.1904296875 0.5572916671875 0.19921875 0.5221354171875
0 0.9326171875 0.23958333281250002 0.8173828125 0.23958333281250002 0.728515625 0.2721354171875 0.8134765625 0.3333333328125 0.8271484375 0.2942708328125 0.8603515625 0.2890625 0.8896484375 0.3619791671875 0.9326171875 0.3828125 0.9892578125 0.3828125 1 0.4049479171875 0.9990234375 0.265625 0.9326171875 0.23958333281250002