1 0.2266666671875 0.14666666718750002 0.2033333328125 0.20888888906249997 0.2666666671875 0.2488888890625 0.33999999999999997 0.24 0.3433333328125 0.1288888890625 0.3066666671875 0.11555555625 0.2266666671875 0.14666666718750002
1 0.4166666671875 0.15555555625 0.47000000000000003 0.222222221875 0.53 0.21777777812500002 0.54 0.16444444375 0.5233333328125 0.1111111109375 0.46333333281250005 0.102222221875 0.4166666671875 0.15555555625
1 0.5833333328125 0.8222222218749999 0.5766666671875 0.91555555625 0.6466666671875 0.92444444375 0.6799999999999999 0.8977777781249999 0.6799999999999999 0.8266666671875 0.6599999999999999 0.79555555625 0.6266666671875 0.79555555625 0.5833333328125 0.8222222218749999
1 0.77 0.7688888890625 0.7566666671875 0.8044444437499999 0.7633333328125 0.8444444437499999 0.7966666671875 0.88444444375 0.85 0.8888888890625 0.8566666671875 0.862222221875 0.8800000000000001 0.8444444437499999 0.8833333328125 0.7911111109375 0.8400000000000001 0.7511111109375 0.8133333328125 0.7511111109375 0.77 0.7688888890625
1 0.8866666671875001 0.4711111109375 0.8833333328125 0.52 0.8300000000000001 0.5866666671874999 0.8933333328125 0.7466666671875 0.9133333328125 0.7688888890625 0.9400000000000001 0.7688888890625 0.97 0.7466666671875 0.99 0.6666666671875 0.95 0.502222221875 0.95 0.44000000000000006 0.9266666671875001 0.4266666671875 0.8866666671875001 0.4711111109375
1 0 0.4311111109375 0.1266666671875 0.42222222187499997 0.1666666671875 0.4 0.1833333328125 0.37333333281250003 0.1866666671875 0.3111111109375 0.15 0.3066666671875 0.0233333328125 0.32444444375 0 0.35111111093749997 0 0.4311111109375
0 0.1566666671875 0.52 0.1433333328125 0.6311111109375 0.1566666671875 0.64444444375 0.25 0.657777778125 0.3133333328125 0.5733333328125 0.3133333328125 0.5288888890625 0.29 0.5111111109375 0.1833333328125 0.502222221875 0.1566666671875 0.52
0 0.33999999999999997 0.44444444375 0.33999999999999997 0.5111111109375 0.36 0.5466666671875 0.47000000000000003 0.5333333328125 0.47000000000000003 0.457777778125 0.3633333328125 0.43555555625000003 0.33999999999999997 0.44444444375
0 0.2033333328125 0.737777778125 0.2 0.8222222218749999 0.22999999999999998 0.88444444375 0.25 0.8933333328125 0.30333333281249997 0.8400000000000001 0.3 0.75555555625 0.2766666671875 0.7244444437500001 0.2233333328125 0.72 0.2033333328125 0.737777778125
0 0.3433333328125 0.64444444375 0.3333333328125 0.6888888890625 0.38333333281250004 0.7288888890624999 0.4566666671875 0.72 0.5333333328125 0.6488888890625 0.53 0.63555555625 0.48666666718749996 0.64444444375 0.4266666671875 0.6133333328125 0.38 0.6133333328125 0.3433333328125 0.64444444375
0 0.48 0.36444444374999996 0.48 0.4 0.5066666671875 0.4533333328125 0.49000000000000005 0.462222221875 0.5233333328125 0.462222221875 0.5766666671875 0.40888888906250004 0.5700000000000001 0.382222221875 0.4933333328125 0.35111111093749997 0.48 0.36444444374999996
0 0.6566666671875 0.30222222187500003 0.6333333328124999 0.3466666671875 0.5966666671875 0.3688888890625 0.5833333328125 0.41777777812499994 0.6833333328125 0.44000000000000006 0.7533333328125 0.41333333281250006 0.7833333328125 0.35111111093749997 0.7733333328125 0.2888888890625 0.7533333328125 0.28444444375 0.6566666671875 0.30222222187500003
0 0.5599999999999999 0.5066666671875 0.5433333328125001 0.5288888890625 0.55 0.5866666671874999 0.5666666671875 0.6133333328125 0.6466666671875 0.59555555625 0.6666666671875 0.5555555562500001 0.6433333328125 0.4933333328125 0.61 0.4888888890625 0.5599999999999999 0.5066666671875
0 0.4733333328125 0.2888888890625 0.4533333328125 0.32 0.6033333328125 0.3333333328125 0.6366666671875 0.32 0.6333333328124999 0.2533333328125 0.5566666671875 0.24444444375000002 0.4733333328125 0.2888888890625
0 0.0466666671875 0.742222221875 0.0533333328125 0.7866666671875 0.07666666718750001 0.8222222218749999 0.17333333281250002 0.8222222218749999 0.2133333328125 0.79555555625 0.2 0.742222221875 0.1433333328125 0.7066666671874999 0.1 0.7066666671874999 0.0466666671875 0.742222221875
0 0.8166666671874999 0.342222221875 0.8 0.4 0.8300000000000001 0.4533333328125 0.8699999999999999 0.44444444375 0.89 0.39555555625 0.8866666671875001 0.337777778125 0.8533333328125 0.32444444375 0.8166666671874999 0.342222221875