0 0.1233333328125 0.3288888890625 0.11333333281249999 0.377777778125 0.1866666671875 0.43555555625000003 0.25 0.44444444375 0.2666666671875 0.41777777812499994 0.2833333328125 0.3288888890625 0.2666666671875 0.3066666671875 0.2233333328125 0.297777778125 0.1233333328125 0.3288888890625
0 0.26 0.23555555625000002 0.22000000000000003 0.28444444375 0.2766666671875 0.3111111109375 0.3933333328125 0.32444444375 0.52 0.297777778125 0.5 0.24 0.46333333281250005 0.2133333328125 0.3266666671875 0.20888888906249997 0.26 0.23555555625000002
0 0.3433333328125 0.41777777812499994 0.3433333328125 0.44444444375 0.3233333328125 0.47555555624999996 0.3233333328125 0.52 0.3566666671875 0.5466666671875 0.43333333281249997 0.5466666671875 0.44333333281250004 0.52 0.43666666718749997 0.4311111109375 0.37333333281250003 0.40444444375 0.3433333328125 0.41777777812499994
0 0.53 0.41777777812499994 0.4933333328125 0.4311111109375 0.49000000000000005 0.462222221875 0.5833333328125 0.4933333328125 0.6433333328125 0.4711111109375 0.65 0.43555555625000003 0.6266666671875 0.3911111109375 0.5566666671875 0.36444444374999996 0.53 0.41777777812499994
0 0.7133333328125 0.5466666671875 0.7166666671875 0.64 0.8366666671875 0.622222221875 0.8400000000000001 0.5511111109375 0.8233333328124999 0.52444444375 0.73 0.5111111109375 0.7133333328125 0.5466666671875
0 0.6166666671875001 0.262222221875 0.6133333328125 0.28444444375 0.65 0.3688888890625 0.6900000000000001 0.377777778125 0.73 0.3466666671875 0.7333333328125 0.2888888890625 0.7166666671875 0.262222221875 0.6433333328125 0.24444444375000002 0.6166666671875001 0.262222221875
0 0.7833333328125 0.36 0.7866666671875 0.3911111109375 0.8333333328125001 0.44888888906249996 0.9533333328125 0.44888888906249996 0.9566666671874999 0.39555555625 0.9366666671875 0.35555555625 0.8400000000000001 0.32 0.7833333328125 0.36
0 0.4966666671875 0.5555555562500001 0.3933333328125 0.5555555562500001 0.38 0.5866666671874999 0.42000000000000004 0.6133333328125 0.5166666671875 0.63555555625 0.5900000000000001 0.63555555625 0.6566666671875 0.6044444437500001 0.6833333328125 0.617777778125 0.7233333328125 0.6088888890625 0.71 0.5688888890625 0.6633333328125001 0.577777778125 0.5766666671875 0.5288888890625 0.4966666671875 0.5555555562500001
0 1 0.52 0.9433333328125 0.5333333328125 0.9033333328125 0.52 0.8833333328125 0.5333333328125 0.86 0.6 0.8766666671875001 0.64 0.9366666671875 0.6533333328125 1 0.63555555625 1 0.52
0 0.1966666671875 0.5688888890625 0.2166666671875 0.622222221875 0.2533333328125 0.64444444375 0.30333333281249997 0.64444444375 0.3333333328125 0.622222221875 0.33999999999999997 0.5555555562500001 0.2966666671875 0.52 0.24666666718750002 0.52 0.1966666671875 0.5688888890625
1 0.61 0.11555555625 0.6433333328125 0.17333333281250002 0.71 0.1911111109375 0.7433333328125 0.1688888890625 0.7433333328125 0.13333333281249998 0.7133333328125 0.08 0.6433333328125 0.0711111109375 0.61 0.11555555625
1 0.5833333328125 1 0.61 0.9466666671875 0.64 0.782222221875 0.62 0.742222221875 0.54 0.7244444437500001 0.5133333328125 0.7866666671875 0.5333333328125 0.92444444375 0.5133333328125 0.9866666671875001 0.52 1 0.5833333328125 1
1 0.8633333328124999 1 0.86 0.96444444375 0.8866666671875001 0.9066666671875 0.8933333328125 0.8533333328125 0.8666666671875 0.7911111109375 0.8333333328125001 0.7866666671875 0.8133333328125 0.8711111109375 0.8166666671874999 0.9866666671875001 0.8233333328124999 1 0.8633333328124999 1
1 0.4766666671875 0.0311111109375 0.43333333281249997 0.0533333328125 0.41 0.0888888890625 0.41 0.11555555625 0.44000000000000006 0.14666666718750002 0.48333333281249996 0.14666666718750002 0.5 0.1288888890625 0.5033333328125 0.0666666671875 0.4766666671875 0.008888889062499999 0.4766666671875 0.0311111109375