0 0.1433333328125 0.3866666671875 0.18 0.4266666671875 0.2033333328125 0.4266666671875 0.23333333281250002 0.39555555625 0.23333333281250002 0.36444444374999996 0.21000000000000002 0.27555555625 0.1766666671875 0.262222221875 0.1433333328125 0.3866666671875
0 0.22999999999999998 0.36 0.2533333328125 0.40444444375 0.2833333328125 0.41777777812499994 0.3966666671875 0.4311111109375 0.46666666718750005 0.41777777812499994 0.48 0.39555555625 0.4533333328125 0.39555555625 0.4533333328125 0.36444444374999996 0.3466666671875 0.30222222187500003 0.23333333281250002 0.29333333281249996 0.22999999999999998 0.36
0 0.3066666671875 0.51555555625 0.31 0.5466666671875 0.3533333328125 0.6 0.44333333281250004 0.6088888890625 0.46666666718750005 0.5511111109375 0.46333333281250005 0.51555555625 0.41333333281250006 0.48 0.3633333328125 0.47555555624999996 0.3066666671875 0.51555555625
0 0.5166666671875 0.35555555625 0.4966666671875 0.382222221875 0.46666666718750005 0.377777778125 0.48 0.39555555625 0.48 0.44888888906249996 0.5366666671875 0.4711111109375 0.67 0.4533333328125 0.6766666671875 0.41333333281250006 0.6566666671875 0.382222221875 0.5700000000000001 0.3466666671875 0.5166666671875 0.35555555625
0 0.45999999999999996 0.5822222218750001 0.46333333281250005 0.617777778125 0.48 0.63555555625 0.55 0.657777778125 0.65 0.6533333328125 0.6333333328124999 0.5911111109375 0.6066666671875 0.59555555625 0.5766666671875 0.5599999999999999 0.5066666671875 0.5555555562500001 0.45999999999999996 0.5822222218750001
0 0.6666666671875 0.5288888890625 0.7066666671874999 0.64444444375 0.7366666671875 0.6533333328125 0.8 0.63555555625 0.8166666671874999 0.6088888890625 0.8033333328125 0.52 0.7733333328125 0.497777778125 0.7133333328125 0.497777778125 0.6666666671875 0.5288888890625
0 0.5933333328125 0.7466666671875 0.5933333328125 0.76 0.6233333328125 0.8044444437499999 0.6533333328125 0.9111111109375001 0.6966666671875 0.9466666671875 0.72 0.9466666671875 0.73 0.8666666671875 0.7666666671875 0.8444444437499999 0.8033333328125 0.8488888890625 0.7733333328125 0.8222222218749999 0.7533333328125 0.742222221875 0.65 0.71555555625 0.5933333328125 0.7466666671875
0 0.82 0.6799999999999999 0.7866666671875 0.7466666671875 0.8099999999999999 0.79555555625 0.8833333328125 0.8044444437499999 0.9466666671875 0.7688888890625 0.9466666671875 0.7333333328125 0.9099999999999999 0.68444444375 0.8533333328125 0.6711111109375001 0.82 0.6799999999999999
0 0.27999999999999997 0.2311111109375 0.2766666671875 0.2533333328125 0.3333333328125 0.2711111109375 0.38 0.3111111109375 0.53 0.3111111109375 0.5266666671875 0.2888888890625 0.45 0.2266666671875 0.33999999999999997 0.21777777812500002 0.27999999999999997 0.2311111109375
1 0.2666666671875 0 0.2233333328125 0.057777778125 0.2233333328125 0.102222221875 0.24333333281249997 0.1288888890625 0.3166666671875 0.14666666718750002 0.33999999999999997 0.12 0.35 0.057777778125 0.32 0 0.2666666671875 0
1 0.48333333281249996 0.15111111093750001 0.48666666718749996 0.1911111109375 0.5133333328125 0.222222221875 0.61 0.2133333328125 0.7 0.17333333281250002 0.6900000000000001 0.137777778125 0.64 0.13333333281249998 0.5833333328125 0.0888888890625 0.55 0.08444444375 0.48333333281249996 0.15111111093750001
1 0.31 0.7288888890624999 0.33999999999999997 0.7911111109375 0.4066666671875 0.782222221875 0.4 0.71555555625 0.3166666671875 0.6977777781250001 0.31 0.7288888890624999
1 0.7666666671875 0.24 0.7766666671875 0.342222221875 0.8 0.35111111093749997 0.8533333328125 0.32 0.9099999999999999 0.3333333328125 0.89 0.27999999999999997 0.85 0.23555555625000002 0.8099999999999999 0.20444444375 0.7833333328125 0.20444444375 0.7666666671875 0.24
1 0.24333333281249997 1 0.26 0.7733333328125 0.2366666671875 0.7511111109375 0.1766666671875 0.7511111109375 0.16999999999999998 0.8355555562499999 0.21000000000000002 0.95555555625 0.2066666671875 1 0.24333333281249997 1