0 0.215625 0.40546875 0.11015625 0.16640625
1 0.365625 0.34765625 0.1109375 0.071875
0 0.2066666671875 0.30222222187500003 0.16999999999999998 0.3333333328125 0.2033333328125 0.377777778125 0.22000000000000003 0.377777778125 0.2266666671875 0.36444444374999996 0.2166666671875 0.35555555625 0.22999999999999998 0.35111111093749997 0.25 0.377777778125 0.39 0.40888888906250004 0.43333333281249997 0.40444444375 0.46333333281250005 0.35555555625 0.46333333281250005 0.3288888890625 0.43333333281249997 0.3066666671875 0.30333333281249997 0.297777778125 0.2066666671875 0.30222222187500003
0 0.5433333328125001 0.40444444375 0.54 0.462222221875 0.5533333328125 0.497777778125 0.6466666671875 0.52 0.6666666671875 0.47555555624999996 0.6666666671875 0.44000000000000006 0.6133333328125 0.3688888890625 0.5433333328125001 0.40444444375
0 0.4266666671875 0.5688888890625 0.41 0.6088888890625 0.4766666671875 0.6711111109375001 0.5466666671875 0.6799999999999999 0.5833333328125 0.64 0.58 0.59555555625 0.55 0.5599999999999999 0.4566666671875 0.5555555562500001 0.4266666671875 0.5688888890625
0 0.73 0.6266666671875 0.7166666671875 0.7022222218749999 0.7866666671875 0.782222221875 0.7866666671875 0.742222221875 0.8266666671875 0.72 0.85 0.6533333328125 0.8233333328124999 0.617777778125 0.77 0.6088888890625 0.73 0.6266666671875
0 0.65 0.35111111093749997 0.6233333328125 0.3688888890625 0.6233333328125 0.3866666671875 0.6566666671875 0.4266666671875 0.7033333328125 0.44888888906249996 0.8 0.462222221875 0.8366666671875 0.44000000000000006 0.8366666671875 0.382222221875 0.8 0.3333333328125 0.77 0.3288888890625 0.65 0.35111111093749997
0 0.0366666671875 0.48 0.05 0.51555555625 0.08333333281250001 0.5377777781249999 0.1166666671875 0.52444444375 0.10333333281249998 0.48444444375 0.0533333328125 0.46666666718750005 0.0366666671875 0.48
0 0.2666666671875 0.5111111109375 0.2666666671875 0.5333333328125 0.29 0.5599999999999999 0.37666666718749997 0.56444444375 0.43 0.5377777781249999 0.43 0.5066666671875 0.4166666671875 0.4933333328125 0.3266666671875 0.46666666718750005 0.2666666671875 0.5111111109375
0 0.46333333281250005 0.32444444375 0.46666666718750005 0.377777778125 0.5700000000000001 0.39555555625 0.6066666671875 0.36444444374999996 0.5966666671875 0.3288888890625 0.5366666671875 0.29333333281249996 0.5066666671875 0.29333333281249996 0.46333333281250005 0.32444444375
1 0.27999999999999997 1 0.27 0.9199999999999999 0.2833333328125 0.8888888890625 0.27999999999999997 0.8533333328125 0.25666666718750003 0.8088888890625 0.24 0.8044444437499999 0.19 0.8133333328125 0.1666666671875 0.8355555562499999 0.1666666671875 0.937777778125 0.1933333328125 0.96444444375 0.2 1 0.27999999999999997 1
1 0.1966666671875 0 0.1533333328125 0.0311111109375 0.1433333328125 0.062222221875 0.1166666671875 0.0533333328125 0.1066666671875 0.0711111109375 0.1 0.13333333281249998 0.13 0.1911111109375 0.21000000000000002 0.16444444375 0.23333333281250002 0.11555555625 0.22999999999999998 0 0.1966666671875 0
1 0.36 0.057777778125 0.3466666671875 0.16 0.37 0.1866666671875 0.4233333328125 0.1911111109375 0.4266666671875 0.0711111109375 0.37666666718749997 0.04 0.36 0.057777778125
1 0.5433333328125001 0.137777778125 0.5266666671875 0.20444444375 0.5533333328125 0.2266666671875 0.6866666671874999 0.2311111109375 0.6766666671875 0.13333333281249998 0.63 0.097777778125 0.5433333328125001 0.137777778125
1 0.3566666671875 0.7911111109375 0.3566666671875 0.8133333328125 0.3866666671875 0.8933333328125 0.49000000000000005 0.8711111109375 0.49000000000000005 0.8177777781250001 0.4733333328125 0.782222221875 0.37666666718749997 0.7733333328125 0.3566666671875 0.7911111109375
1 0.6533333328125 0.9333333328125001 0.6633333328125001 1 0.8433333328125 0.9911111109374999 0.8266666671875 0.95555555625 0.78 0.937777778125 0.75 0.902222221875 0.6866666671874999 0.8977777781249999 0.6533333328125 0.9333333328125001
1 0.8400000000000001 0.1688888890625 0.8566666671875 0.21777777812500002 0.9333333328125001 0.24444444375000002 1 0.2311111109375 0.9866666671875001 0.1866666671875 0.9466666671875 0.17333333281250002 0.9400000000000001 0.15111111093750001 0.8566666671875 0.12444444375 0.8400000000000001 0.1688888890625