1 0.03 0.137777778125 0.0466666671875 0.19555555625 0.15 0.20888888906249997 0.2266666671875 0.16 0.2166666671875 0.1066666671875 0.17333333281250002 0.097777778125 0.1533333328125 0.0711111109375 0.0966666671875 0.0666666671875 0.03 0.137777778125
1 0.3266666671875 0.08444444375 0.30333333281249997 0.12 0.30333333281249997 0.14666666718750002 0.41 0.19555555625 0.43666666718749997 0.15555555625 0.44333333281250004 0.0888888890625 0.4 0.062222221875 0.3266666671875 0.08444444375
1 0.6 0.0666666671875 0.6 0.1111111109375 0.62 0.15111111093750001 0.6566666671875 0.15111111093750001 0.6966666671875 0.1066666671875 0.6866666671874999 0.0533333328125 0.6233333328125 0.0488888890625 0.6 0.0666666671875
1 0.17333333281250002 0.782222221875 0.17333333281250002 0.8711111109375 0.21000000000000002 0.9111111109375001 0.2266666671875 0.88444444375 0.25666666718750003 0.88444444375 0.2833333328125 0.8 0.2633333328125 0.7688888890625 0.2 0.742222221875 0.17333333281250002 0.782222221875
1 0.4 0.7244444437500001 0.37 0.7511111109375 0.37666666718749997 0.9111111109375001 0.4 0.9688888890625 0.3966666671875 1 0.45 0.99555555625 0.44666666718750003 0.9288888890625 0.48333333281249996 0.8355555562499999 0.48666666718749996 0.7288888890624999 0.44666666718750003 0.71555555625 0.4 0.7244444437500001
1 0.63 0.8133333328125 0.5900000000000001 0.8533333328125 0.5933333328125 0.8755555562499999 0.6433333328125 0.92444444375 0.72 0.8977777781249999 0.7133333328125 0.7911111109375 0.7 0.7911111109375 0.63 0.8133333328125
0 0.1166666671875 0.37333333281250003 0.06999999999999999 0.4 0.0633333328125 0.42222222187499997 0.0733333328125 0.44444444375 0.0966666671875 0.4311111109375 0.13333333281249998 0.47555555624999996 0.16999999999999998 0.4888888890625 0.24666666718750002 0.462222221875 0.3333333328125 0.39555555625 0.32 0.36444444374999996 0.3 0.35555555625 0.2166666671875 0.35555555625 0.1166666671875 0.37333333281250003
0 0.3533333328125 0.3333333328125 0.35 0.3688888890625 0.3966666671875 0.41777777812499994 0.4533333328125 0.41333333281250006 0.4766666671875 0.36444444374999996 0.4766666671875 0.31555555625 0.4533333328125 0.29333333281249996 0.39 0.28444444375 0.3533333328125 0.3333333328125
0 0.3066666671875 0.5111111109375 0.2733333328125 0.5599999999999999 0.27999999999999997 0.59555555625 0.32 0.617777778125 0.44666666718750003 0.6088888890625 0.44000000000000006 0.5111111109375 0.37666666718749997 0.48444444375 0.3066666671875 0.5111111109375
0 0.5266666671875 0.29333333281249996 0.5233333328125 0.3688888890625 0.5733333328125 0.3911111109375 0.6366666671875 0.3911111109375 0.6833333328125 0.36 0.6966666671875 0.31555555625 0.6833333328125 0.2711111109375 0.6466666671875 0.2488888890625 0.5900000000000001 0.2488888890625 0.5266666671875 0.29333333281249996
0 0.5533333328125 0.52 0.5666666671875 0.59555555625 0.6466666671875 0.6088888890625 0.6799999999999999 0.5822222218750001 0.6866666671874999 0.5377777781249999 0.6766666671875 0.502222221875 0.5766666671875 0.48444444375 0.5533333328125 0.52
0 0.7466666671875 0.3866666671875 0.7466666671875 0.43555555625000003 0.77 0.4888888890625 0.8566666671875 0.48 0.9099999999999999 0.44888888906249996 0.9133333328125 0.382222221875 0.9 0.36444444374999996 0.7733333328125 0.3333333328125 0.7466666671875 0.3866666671875
0 0.02 0.5511111109375 0.02 0.5733333328125 0.05 0.6088888890625 0.13 0.6488888890625 0.15 0.6088888890625 0.1433333328125 0.5555555562500001 0.0666666671875 0.542222221875 0.02 0.5511111109375