0 0.1633333328125 0.44444444375 0.1366666671875 0.4888888890625 0.13999999999999999 0.52444444375 0.27 0.5333333328125 0.3133333328125 0.5111111109375 0.36 0.43555555625000003 0.3266666671875 0.41777777812499994 0.2533333328125 0.41777777812499994 0.1633333328125 0.44444444375
0 0.1233333328125 0.6711111109375001 0.1266666671875 0.7066666671874999 0.1833333328125 0.7511111109375 0.24333333281249997 0.76 0.2833333328125 0.7466666671875 0.3 0.6933333328125 0.29 0.657777778125 0.2633333328125 0.64 0.2033333328125 0.64 0.1233333328125 0.6711111109375001
0 0.35 0.43555555625000003 0.4233333328125 0.48 0.48666666718749996 0.48 0.5166666671875 0.457777778125 0.52 0.40888888906250004 0.48333333281249996 0.382222221875 0.45 0.382222221875 0.35 0.43555555625000003
0 0.3566666671875 0.5688888890625 0.3266666671875 0.622222221875 0.3266666671875 0.6711111109375001 0.36666666718749996 0.7111111109375 0.4266666671875 0.7022222218749999 0.45 0.657777778125 0.43333333281249997 0.5555555562500001 0.3933333328125 0.5511111109375 0.3566666671875 0.5688888890625
0 0.4966666671875 0.5377777781249999 0.4933333328125 0.5866666671874999 0.48666666718749996 0.5688888890625 0.44666666718750003 0.5599999999999999 0.43666666718749997 0.5822222218750001 0.4933333328125 0.6 0.5266666671875 0.64444444375 0.55 0.6488888890625 0.6033333328125 0.59555555625 0.6233333328125 0.5466666671875 0.5866666671874999 0.5377777781249999 0.5700000000000001 0.5111111109375 0.5266666671875 0.5111111109375 0.4966666671875 0.5377777781249999
0 0.5566666671875 0.31555555625 0.52 0.32 0.5033333328125 0.3688888890625 0.5666666671875 0.39555555625 0.6566666671875 0.382222221875 0.67 0.3466666671875 0.6599999999999999 0.297777778125 0.5766666671875 0.29333333281249996 0.5566666671875 0.31555555625
0 0.6733333328125 0.44888888906249996 0.6533333328125 0.48444444375 0.6566666671875 0.5733333328125 0.6733333328125 0.59555555625 0.75 0.56444444375 0.7933333328125001 0.4888888890625 0.7466666671875 0.4266666671875 0.7166666671875 0.42222222187499997 0.6733333328125 0.44888888906249996
0 0.2366666671875 0.8755555562499999 0.27 0.8977777781249999 0.2766666671875 0.9333333328125001 0.3166666671875 0.92444444375 0.3466666671875 0.8355555562499999 0.2733333328125 0.8222222218749999 0.2366666671875 0.8755555562499999
0 0.67 0.262222221875 0.6666666671875 0.32444444375 0.72 0.3466666671875 0.77 0.342222221875 0.8 0.2533333328125 0.72 0.21777777812500002 0.67 0.262222221875
0 0.8433333328125 0.36 0.8266666671875 0.4 0.8266666671875 0.457777778125 0.8400000000000001 0.47555555624999996 0.8666666671875 0.47555555624999996 0.9033333328125 0.43555555625000003 0.9 0.36444444374999996 0.8633333328124999 0.35111111093749997 0.8433333328125 0.36
1 0.11333333281249999 0.1688888890625 0.0866666671875 0.20444444375 0.0866666671875 0.2666666671875 0.2133333328125 0.27555555625 0.2533333328125 0.2533333328125 0.2833333328125 0.15555555625 0.27 0.137777778125 0.23333333281250002 0.137777778125 0.11333333281249999 0.1688888890625
1 0.3233333328125 0.142222221875 0.3166666671875 0.16444444375 0.3933333328125 0.222222221875 0.43 0.2266666671875 0.51 0.16444444375 0.51 0.137777778125 0.4933333328125 0.12444444375 0.38 0.102222221875 0.3233333328125 0.142222221875
1 0.5900000000000001 0.07555555625 0.5866666671874999 0.1066666671875 0.6166666671875001 0.142222221875 0.6733333328125 0.16444444375 0.7666666671875 0.137777778125 0.7733333328125 0.08444444375 0.76 0.057777778125 0.6799999999999999 0.04 0.5900000000000001 0.07555555625
1 0.6433333328125 1 0.63 0.982222221875 0.6633333328125001 0.9511111109374999 0.6733333328125 0.8711111109375 0.6599999999999999 0.8311111109375 0.6433333328125 0.8222222218749999 0.5700000000000001 0.8888888890625 0.5633333328125001 0.92444444375 0.6033333328125 0.977777778125 0.5966666671875 1 0.6433333328125 1
1 0.7733333328125 0.7733333328125 0.7533333328125 0.8088888890625 0.7533333328125 0.8666666671875 0.78 0.8888888890625 0.8133333328125 0.8755555562499999 0.8433333328125 0.8266666671875 0.8366666671875 0.7688888890625 0.8133333328125 0.76444444375 0.7733333328125 0.7733333328125
1 0.16 1 0.1433333328125 0.8977777781249999 0.07666666718750001 0.862222221875 0.0633333328125 0.9066666671875 0.0666666671875 0.9866666671875001 0.0533333328125 1 0.16 1