1 0.1433333328125 0.14666666718750002 0.09 0.1866666671875 0.07666666718750001 0.2266666671875 0.1633333328125 0.24444444375000002 0.23333333281250002 0.2311111109375 0.2766666671875 0.17333333281250002 0.27999999999999997 0.137777778125 0.2266666671875 0.12 0.1433333328125 0.14666666718750002
1 0.39 0.142222221875 0.36666666718749996 0.1688888890625 0.44333333281250004 0.2311111109375 0.4933333328125 0.2266666671875 0.51 0.2 0.5133333328125 0.14666666718750002 0.45 0.12444444375 0.39 0.142222221875
1 0.5566666671875 0.8577777781249999 0.5566666671875 0.9199999999999999 0.5700000000000001 0.937777778125 0.6166666671875001 0.937777778125 0.6233333328125 0.92444444375 0.6233333328125 0.8311111109375 0.6033333328125 0.8044444437499999 0.5566666671875 0.8577777781249999
1 0.41333333281250006 1 0.45 0.9688888890625 0.4533333328125 0.9288888890625 0.4033333328125 0.9066666671875 0.37666666718749997 0.92444444375 0.37 0.9688888890625 0.3933333328125 1 0.41333333281250006 1
1 0.12 1 0.13999999999999999 0.95555555625 0.1366666671875 0.9199999999999999 0.0733333328125 0.88444444375 0.0566666671875 0.95555555625 0.0666666671875 1 0.12 1
1 0.8 0.8 0.8233333328124999 0.9111111109375001 0.8766666671875001 0.9199999999999999 0.9133333328125 0.8355555562499999 0.9166666671874999 0.7911111109375 0.8633333328124999 0.6799999999999999 0.8333333328125001 0.657777778125 0.8 0.8
1 0.89 0.51555555625 0.89 0.5911111109375 0.9166666671874999 0.617777778125 0.9633333328125 0.6266666671875 0.9833333328125 0.6044444437500001 0.9800000000000001 0.5333333328125 0.9633333328125 0.5066666671875 0.9199999999999999 0.4888888890625 0.89 0.51555555625
0 0.1966666671875 0.5555555562500001 0.16999999999999998 0.5866666671874999 0.1633333328125 0.64 0.1933333328125 0.63555555625 0.21000000000000002 0.6888888890625 0.29333333281249996 0.6888888890625 0.3166666671875 0.5688888890625 0.2733333328125 0.5511111109375 0.1966666671875 0.5555555562500001
0 0.36 0.4711111109375 0.3566666671875 0.5288888890625 0.37 0.5555555562500001 0.5333333328125 0.542222221875 0.5333333328125 0.4888888890625 0.5166666671875 0.46666666718750005 0.3966666671875 0.4533333328125 0.36 0.4711111109375
0 0.5 0.35111111093749997 0.4933333328125 0.3688888890625 0.5166666671875 0.39555555625 0.5666666671875 0.41333333281250006 0.6466666671875 0.41777777812499994 0.7466666671875 0.3911111109375 0.7633333328125 0.36444444374999996 0.7533333328125 0.3288888890625 0.62 0.32444444375 0.5 0.35111111093749997
0 0.35 0.6266666671875 0.3333333328125 0.6933333328125 0.38333333281250004 0.72 0.4533333328125 0.7022222218749999 0.48333333281249996 0.6711111109375001 0.45 0.6266666671875 0.4066666671875 0.6133333328125 0.35 0.6266666671875
0 0.5866666671874999 0.4933333328125 0.5700000000000001 0.5288888890625 0.5700000000000001 0.5688888890625 0.6066666671875 0.6311111109375 0.67 0.6088888890625 0.72 0.5377777781249999 0.7166666671875 0.5066666671875 0.6900000000000001 0.48 0.63 0.4711111109375 0.5866666671874999 0.4933333328125
0 0.22999999999999998 0.44888888906249996 0.22000000000000003 0.48444444375 0.24 0.52 0.27999999999999997 0.5333333328125 0.3333333328125 0.48444444375 0.3366666671875 0.44888888906249996 0.2966666671875 0.40888888906250004 0.2733333328125 0.40888888906250004 0.22999999999999998 0.44888888906249996
0 0.11333333281249999 0.7911111109375 0.1 0.8044444437499999 0.10333333281249998 0.8355555562499999 0.16 0.8888888890625 0.2033333328125 0.88444444375 0.27 0.9199999999999999 0.3133333328125 0.862222221875 0.3166666671875 0.8311111109375 0.3433333328125 0.8222222218749999 0.3433333328125 0.8044444437499999 0.30333333281249997 0.777777778125 0.25666666718750003 0.7733333328125 0.11333333281249999 0.7911111109375