1 0.13 0.16 0.0966666671875 0.24444444375000002 0.1266666671875 0.257777778125 0.2366666671875 0.2488888890625 0.25 0.177777778125 0.22999999999999998 0.142222221875 0.21000000000000002 0.142222221875 0.13 0.16
1 0.3366666671875 0.16444444375 0.3433333328125 0.2133333328125 0.37666666718749997 0.2533333328125 0.4533333328125 0.257777778125 0.47000000000000003 0.20888888906249997 0.46666666718750005 0.16 0.4533333328125 0.137777778125 0.39 0.12 0.3366666671875 0.16444444375
1 0.6333333328124999 1 0.6466666671875 0.9511111109374999 0.64 0.8933333328125 0.6166666671875001 0.862222221875 0.5900000000000001 0.862222221875 0.5666666671875 0.8711111109375 0.55 0.9066666671875 0.5566666671875 1 0.6333333328124999 1
1 0.78 0.777777778125 0.7666666671875 0.8266666671875 0.8099999999999999 0.8444444437499999 0.8300000000000001 0.8222222218749999 0.8333333328125001 0.777777778125 0.8 0.7688888890625 0.78 0.777777778125
1 0.6066666671875 0.04444444375 0.5766666671875 0.07555555625 0.5733333328125 0.11555555625 0.5966666671875 0.16 0.6666666671875 0.17333333281250002 0.71 0.13333333281249998 0.72 0.07555555625 0.65 0.0311111109375 0.6066666671875 0.04444444375
1 0.0933333328125 0.8755555562499999 0.0966666671875 0.937777778125 0.1433333328125 0.9733333328124999 0.17333333281250002 0.9688888890625 0.1933333328125 0.92444444375 0.19 0.8888888890625 0.11000000000000001 0.8488888890625 0.0933333328125 0.8755555562499999
1 0 0.44444444375 0.10333333281249998 0.42222222187499997 0.1433333328125 0.37333333281250003 0.1433333328125 0.337777778125 0.03 0.3288888890625 0 0.337777778125 0 0.44444444375
0 0.24333333281249997 0.542222221875 0.24 0.5911111109375 0.2533333328125 0.6311111109375 0.32 0.6488888890625 0.3466666671875 0.6311111109375 0.37 0.5599999999999999 0.37 0.4933333328125 0.33999999999999997 0.46666666718750005 0.24333333281249997 0.542222221875
0 0.41 0.4311111109375 0.4066666671875 0.4888888890625 0.39 0.52 0.45 0.5511111109375 0.5333333328125 0.542222221875 0.54 0.41777777812499994 0.5233333328125 0.39555555625 0.49000000000000005 0.39555555625 0.41 0.4311111109375
0 0.5133333328125 0.36 0.53 0.382222221875 0.5933333328125 0.40444444375 0.6166666671875001 0.43555555625000003 0.6599999999999999 0.44444444375 0.76 0.377777778125 0.7733333328125 0.3466666671875 0.7566666671875 0.32444444375 0.67 0.3111111109375 0.5133333328125 0.36
0 0.07666666718750001 0.6799999999999999 0.08333333281250001 0.6977777781250001 0.0666666671875 0.737777778125 0.1266666671875 0.782222221875 0.2033333328125 0.7911111109375 0.22000000000000003 0.7733333328125 0.2266666671875 0.7066666671874999 0.2033333328125 0.6666666671875 0.13 0.662222221875 0.07666666718750001 0.6799999999999999
0 0.3566666671875 0.72 0.35 0.7688888890625 0.37333333281250003 0.8311111109375 0.4933333328125 0.7866666671875 0.5233333328125 0.71555555625 0.52 0.7022222218749999 0.38333333281250004 0.7022222218749999 0.3566666671875 0.72
0 0.5966666671875 0.4933333328125 0.5833333328125 0.52444444375 0.5833333328125 0.5555555562500001 0.6133333328125 0.6088888890625 0.6733333328125 0.6 0.7033333328125 0.5466666671875 0.6866666671874999 0.4888888890625 0.6366666671875 0.47555555624999996 0.5966666671875 0.4933333328125
0 0.2166666671875 0.40444444375 0.2 0.4311111109375 0.2 0.462222221875 0.2233333328125 0.4888888890625 0.2833333328125 0.5066666671875 0.3433333328125 0.462222221875 0.3533333328125 0.4266666671875 0.3433333328125 0.382222221875 0.29 0.3688888890625 0.2166666671875 0.40444444375
0 0.8533333328125 0.36 0.8333333328125001 0.4266666671875 0.8333333328125001 0.457777778125 0.8533333328125 0.4888888890625 0.89 0.48 0.9333333328125001 0.43555555625000003 0.9133333328125 0.32 0.8933333328125 0.3111111109375 0.8533333328125 0.36