1 0.1533333328125 0.372781065625 0.0933333328125 0.384615384375 0.0466666671875 0.4319526625 0.2166666671875 0.45562130156249997 0.2366666671875 0.40828402343750003 0.2366666671875 0.36094674531250004 0.2 0.31952662656249997 0.1533333328125 0.372781065625
1 0.3333333328125 0.331360946875 0.37 0.34911242656249997 0.37666666718749997 0.3136094671875 0.36 0.3076923078125 0.3333333328125 0.331360946875
1 0.4966666671875 0.3668639046875 0.52 0.42011834375 0.5933333328125 0.44378698281249995 0.61 0.42011834375 0.6166666671875001 0.36094674531250004 0.5966666671875 0.31952662656249997 0.5266666671875 0.31952662656249997 0.4966666671875 0.3668639046875
1 0.6766666671875 0.3964497046875 0.7166666671875 0.5088757390625 0.7433333328125 0.5384615390625 0.86 0.5088757390625 0.9066666671875 0.437869821875 0.8966666671875 0.40828402343750003 0.75 0.372781065625 0.6766666671875 0.3964497046875
1 0.01 0.5680473375 0.0066666671875 0.6035502953125 0.0366666671875 0.6745562125 0.10333333281249998 0.6923076921875 0.11000000000000001 0.5917159765625 0.0233333328125 0.562130178125 0.01 0.5680473375
1 0.9066666671875 0.6508875734374999 0.9199999999999999 0.6863905328125 0.9666666671874999 0.7041420125 0.9866666671875001 0.66272189375 0.9800000000000001 0.5680473375 0.9266666671875001 0.5384615390625 0.9066666671875 0.6508875734374999
1 0.2633333328125 0.5029585796875 0.2666666671875 0.5266272187500001 0.2866666671875 0.562130178125 0.3433333328125 0.5680473375 0.3633333328125 0.48520709999999995 0.32999999999999996 0.44378698281249995 0.29 0.4319526625 0.2633333328125 0.5029585796875
0 0.27 0.8106508874999999 0.3 0.8816568046875 0.35 0.90532544375 0.43333333281249997 0.893491125 0.44333333281250004 0.8165680468750001 0.4166666671875 0.7455621296875 0.3133333328125 0.71597633125 0.27 0.8106508874999999
0 0.48 0.75739645 0.5033333328125 0.79881656875 0.5566666671875 0.804733728125 0.5700000000000001 0.7514792906250001 0.5599999999999999 0.621301775 0.51 0.5384615390625 0.48 0.75739645
0 0.6633333328125001 0.76923076875 0.67 0.8343195265625001 0.7633333328125 0.7751479296875 0.75 0.7041420125 0.6933333328125 0.6686390531249999 0.6633333328125001 0.76923076875
0 0.12 0.8165680468750001 0.1633333328125 0.899408284375 0.1933333328125 0.90532544375 0.2133333328125 0.8757396453125 0.2 0.8165680468750001 0.13333333281249998 0.76923076875 0.12 0.8165680468750001
0 0.39 0.60946745625 0.39 0.6508875734374999 0.4033333328125 0.6686390531249999 0.43333333281249997 0.66272189375 0.45999999999999996 0.621301775 0.45 0.5562130171875 0.41333333281250006 0.5384615390625 0.39 0.60946745625
0 0.7966666671875 0.6804733734374999 0.7966666671875 0.79881656875 0.8266666671875 0.804733728125 0.86 0.7396449703125 0.8666666671875 0.71597633125 0.8533333328125 0.7041420125 0.8833333328125 0.6686390531249999 0.8833333328125 0.621301775 0.7966666671875 0.6804733734374999
0 0.62 1 0.64 0.893491125 0.5633333328125001 0.8698224859374999 0.5066666671875 0.90532544375 0.4966666671875 0.9349112421875001 0.5833333328125 0.9822485203125 0.5666666671875 1 0.62 1
0 0.1933333328125 0.6390532546875 0.2 0.7396449703125 0.2266666671875 0.7810650890625 0.25666666718750003 0.7869822484375 0.27999999999999997 0.6331360953125 0.2533333328125 0.5976331359375 0.2166666671875 0.5976331359375 0.1933333328125 0.6390532546875