1 0.13999999999999999 0.36094674531250004 0.2833333328125 0.40828402343750003 0.3633333328125 0.378698225 0.37 0.3136094671875 0.3 0.2544378703125 0.13999999999999999 0.36094674531250004
1 0.42000000000000004 0.437869821875 0.43 0.49704142031250004 0.5 0.5088757390625 0.5433333328125001 0.48520709999999995 0.52 0.42603550312499994 0.4533333328125 0.372781065625 0.42000000000000004 0.437869821875
1 0.6433333328125 0.5147929 0.6433333328125 0.5976331359375 0.6566666671875 0.621301775 0.71 0.621301775 0.74 0.5976331359375 0.6833333328125 0.5088757390625 0.6533333328125 0.5029585796875 0.6433333328125 0.5147929
1 0.8400000000000001 0.6923076921875 0.8733333328124999 0.7041420125 0.89 0.6863905328125 0.89 0.6508875734374999 0.8433333328125 0.621301775 0.8400000000000001 0.6923076921875
1 0.08333333281250001 0.437869821875 0.1 0.5029585796875 0.1533333328125 0.520710059375 0.17333333281250002 0.49704142031250004 0.1666666671875 0.437869821875 0.1066666671875 0.42603550312499994 0.08333333281250001 0.437869821875
1 0.2133333328125 0.5147929 0.22999999999999998 0.57988165625 0.2666666671875 0.6390532546875 0.29333333281249996 0.6508875734374999 0.31 0.6331360953125 0.3433333328125 0.5384615390625 0.24666666718750002 0.48520709999999995 0.2133333328125 0.5147929
0 0.3866666671875 0.6923076921875 0.39 0.7810650890625 0.41333333281250006 0.8165680468750001 0.4566666671875 0.8165680468750001 0.48 0.7810650890625 0.4733333328125 0.6923076921875 0.45 0.66272189375 0.4233333328125 0.66272189375 0.3866666671875 0.6923076921875
0 0.5466666671875 0.66272189375 0.5533333328125 0.7751479296875 0.5666666671875 0.79881656875 0.5566666671875 0.8757396453125 0.5700000000000001 0.9349112421875001 0.5633333328125001 0.9881656812499999 0.6 1 0.5866666671874999 0.8875739640625 0.62 0.7869822484375 0.6166666671875001 0.6449704140625 0.6066666671875 0.615384615625 0.5633333328125001 0.60946745625 0.5466666671875 0.66272189375
0 0.7133333328125 0.804733728125 0.73 0.8875739640625 0.77 0.940828403125 0.7833333328125 0.9289940828125 0.7966666671875 0.9644970421875 0.7966666671875 0.7751479296875 0.7366666671875 0.76923076875 0.7133333328125 0.804733728125
0 0.2366666671875 0.763313609375 0.27 0.893491125 0.3266666671875 0.9526627218750001 0.3166666671875 0.8402366859375 0.32999999999999996 0.76923076875 0.3166666671875 0.71597633125 0.2833333328125 0.71597633125 0.2366666671875 0.763313609375
0 0.13333333281249998 0.57988165625 0.13333333281249998 0.6390532546875 0.1566666671875 0.710059171875 0.1933333328125 0.75739645 0.18 0.562130178125 0.1566666671875 0.5562130171875 0.13333333281249998 0.57988165625
0 0.4 0.5739644968750001 0.4 0.615384615625 0.44666666718750003 0.6331360953125 0.4766666671875 0.5976331359375 0.45999999999999996 0.5502958578125 0.42000000000000004 0.5443786984375001 0.4 0.5739644968750001
0 0.74 0.6686390531249999 0.75 0.7337278109375001 0.7833333328125 0.7396449703125 0.8099999999999999 0.710059171875 0.8 0.6686390531249999 0.7533333328125 0.6508875734374999 0.74 0.6686390531249999
0 0.8099999999999999 0.804733728125 0.8433333328125 0.8224852078125 0.8733333328124999 0.8757396453125 0.95 0.846153846875 0.9533333328125 0.79881656875 0.9400000000000001 0.7810650890625 0.8699999999999999 0.7751479296875 0.8099999999999999 0.804733728125
0 0.16 0.8875739640625 0.17333333281250002 0.9289940828125 0.1966666671875 0.940828403125 0.2 0.9171597640625 0.22999999999999998 0.9112426031249999 0.24 0.8757396453125 0.22999999999999998 0.8343195265625001 0.16999999999999998 0.7869822484375 0.16 0.8875739640625
0 0.46666666718750005 1 0.45999999999999996 0.857988165625 0.4166666671875 0.8402366859375 0.38 0.8757396453125 0.43333333281249997 0.9289940828125 0.43333333281249997 1 0.46666666718750005 1
0 0.8066666671875 0.9467455625 0.8 0.9704142015624999 0.9 0.9644970421875 0.9166666671874999 0.90532544375 0.8800000000000001 0.899408284375 0.8066666671875 0.9467455625
0 0.0466666671875 0.7396449703125 0.0633333328125 0.804733728125 0.08 0.846153846875 0.10333333281249998 0.846153846875 0.1366666671875 0.7041420125 0.05 0.6745562125 0.0466666671875 0.7396449703125