1 0.1766666671875 0.4911242609375 0.1633333328125 0.5562130171875 0.2666666671875 0.57988165625 0.3133333328125 0.49704142031250004 0.29 0.47337278125 0.2166666671875 0.47337278125 0.1766666671875 0.4911242609375
1 0.4166666671875 0.48520709999999995 0.46666666718750005 0.5857988171875 0.48333333281249996 0.5857988171875 0.4933333328125 0.5562130171875 0.48666666718749996 0.4615384609375 0.4266666671875 0.3550295859375 0.4166666671875 0.48520709999999995
1 0.6433333328125 0.44378698281249995 0.6633333328125001 0.5147929 0.7333333328125 0.5029585796875 0.74 0.45562130156249997 0.73 0.42603550312499994 0.7 0.3964497046875 0.6599999999999999 0.3964497046875 0.6433333328125 0.44378698281249995
1 0.8066666671875 0.437869821875 0.82 0.5384615390625 0.8866666671875001 0.5443786984375001 0.9566666671874999 0.48520709999999995 0.9266666671875001 0.41420118281249996 0.8533333328125 0.4023668640625 0.8066666671875 0.437869821875
1 0.0266666671875 0.6449704140625 0.04 0.71597633125 0.0733333328125 0.7218934906250001 0.1 0.6982248515625 0.0933333328125 0.6449704140625 0.06 0.6331360953125 0.0266666671875 0.6449704140625
1 0.67 0.2958579875 0.6633333328125001 0.343195265625 0.7233333328125 0.372781065625 0.79 0.372781065625 0.8266666671875 0.33727810625 0.8933333328125 0.3550295859375 0.8833333328125 0.3136094671875 0.8300000000000001 0.31952662656249997 0.7733333328125 0.27810650937500003 0.74 0.27810650937500003 0.67 0.2958579875
1 0.1366666671875 0.621301775 0.1366666671875 0.6982248515625 0.19 0.6804733734374999 0.2 0.621301775 0.1833333328125 0.5857988171875 0.1366666671875 0.621301775
0 0.2233333328125 0.6686390531249999 0.23333333281250002 0.75739645 0.2133333328125 0.8165680468750001 0.2366666671875 0.8165680468750001 0.23333333281250002 0.899408284375 0.2666666671875 0.9289940828125 0.3066666671875 0.8757396453125 0.3066666671875 0.71597633125 0.29 0.6390532546875 0.25 0.6390532546875 0.2233333328125 0.6686390531249999
0 0.3933333328125 0.6982248515625 0.3933333328125 0.8284023671874999 0.41333333281250006 0.857988165625 0.44000000000000006 0.846153846875 0.45999999999999996 0.7810650890625 0.4933333328125 0.7751479296875 0.4733333328125 0.6804733734374999 0.44000000000000006 0.6449704140625 0.3933333328125 0.6982248515625
0 0.5833333328125 0.627218934375 0.5900000000000001 0.7218934906250001 0.5733333328125 0.8224852078125 0.6233333328125 0.8343195265625001 0.62 0.7514792906250001 0.64 0.6508875734374999 0.62 0.5976331359375 0.6066666671875 0.5976331359375 0.5833333328125 0.627218934375
0 0.7466666671875 0.6508875734374999 0.74 0.7337278109375001 0.76 0.76923076875 0.76 0.8106508874999999 0.7366666671875 0.893491125 0.7733333328125 0.8875739640625 0.7666666671875 0.8343195265625001 0.8033333328125 0.804733728125 0.8300000000000001 0.7396449703125 0.8266666671875 0.621301775 0.7866666671875 0.5976331359375 0.7466666671875 0.6508875734374999
0 0.8466666671875 0.7514792906250001 0.93 0.8224852078125 0.9566666671874999 0.7041420125 0.9366666671875 0.66272189375 0.89 0.656804734375 0.8466666671875 0.7514792906250001
0 0.08 0.893491125 0.12 0.8816568046875 0.16999999999999998 0.9230769234375 0.2 0.9230769234375 0.1933333328125 0.8520710062499999 0.11333333281249999 0.76923076875 0.08 0.763313609375 0.08 0.893491125
0 0.5133333328125 0.479289940625 0.53 0.5384615390625 0.5933333328125 0.5502958578125 0.6 0.4319526625 0.58 0.42603550312499994 0.5133333328125 0.479289940625
0 0.42000000000000004 0.8757396453125 0.4 0.9171597640625 0.4 0.9526627218750001 0.43666666718749997 0.9171597640625 0.48 0.9112426031249999 0.52 0.95857988125 0.55 0.8816568046875 0.55 0.8402366859375 0.4766666671875 0.8284023671874999 0.42000000000000004 0.8757396453125