1 0.19 0.1656804734375 0.1833333328125 0.20118343125 0.2033333328125 0.2248520703125 0.35 0.236686390625 0.4033333328125 0.20118343125 0.38 0.14792899375 0.2866666671875 0.14792899375 0.19 0.1656804734375
1 0.47000000000000003 0.2603550296875 0.49000000000000005 0.32544378749999997 0.5599999999999999 0.2958579875 0.5599999999999999 0.24260354999999997 0.5133333328125 0.20118343125 0.47000000000000003 0.2603550296875
1 0.6799999999999999 0.343195265625 0.6799999999999999 0.4023668640625 0.7466666671875 0.42603550312499994 0.7633333328125 0.331360946875 0.7033333328125 0.30177514843750003 0.6799999999999999 0.343195265625
1 0.8300000000000001 0.42011834375 0.8300000000000001 0.5147929 0.9666666671874999 0.5266272187500001 0.9866666671875001 0.5088757390625 0.9833333328125 0.479289940625 0.8833333328125 0.384615384375 0.8800000000000001 0.3550295859375 0.8566666671875 0.3550295859375 0.8300000000000001 0.42011834375
1 0.9033333328125 0.60946745625 0.9033333328125 0.6508875734374999 0.93 0.6982248515625 0.9566666671874999 0.6982248515625 1 0.656804734375 0.9933333328125 0.615384615625 0.9199999999999999 0.5917159765625 0.9033333328125 0.60946745625
1 0.38 0.31952662656249997 0.39 0.384615384375 0.45 0.378698225 0.45 0.3136094671875 0.4 0.2958579875 0.38 0.31952662656249997
0 0.24333333281249997 0.5029585796875 0.24333333281249997 0.621301775 0.3 0.627218934375 0.3466666671875 0.5976331359375 0.3566666671875 0.467455621875 0.30333333281249997 0.44378698281249995 0.24333333281249997 0.5029585796875
0 0.44666666718750003 0.621301775 0.51 0.562130178125 0.5133333328125 0.5384615390625 0.5 0.48520709999999995 0.45999999999999996 0.48520709999999995 0.44666666718750003 0.621301775
0 0.5666666671875 0.5029585796875 0.5633333328125001 0.5562130171875 0.5933333328125 0.57988165625 0.6033333328125 0.621301775 0.6333333328124999 0.6331360953125 0.6466666671875 0.6035502953125 0.6466666671875 0.4911242609375 0.6233333328125 0.4615384609375 0.5933333328125 0.4615384609375 0.5666666671875 0.5029585796875
0 0.7033333328125 0.5562130171875 0.6966666671875 0.656804734375 0.7666666671875 0.6923076921875 0.79 0.5562130171875 0.76 0.5088757390625 0.7333333328125 0.5088757390625 0.7033333328125 0.5562130171875
0 0.11333333281249999 0.44378698281249995 0.1666666671875 0.4497041421875 0.19 0.42011834375 0.17333333281250002 0.34911242656249997 0.1366666671875 0.33727810625 0.11333333281249999 0.44378698281249995
0 0.38 0.7455621296875 0.3866666671875 0.7810650890625 0.52 0.7928994078125 0.54 0.763313609375 0.5233333328125 0.6982248515625 0.44333333281250004 0.6686390531249999 0.38 0.7455621296875
0 0.5966666671875 0.7278106515625 0.5933333328125 0.7751479296875 0.6266666671875 0.7928994078125 0.6833333328125 0.7810650890625 0.6799999999999999 0.7041420125 0.64 0.6804733734374999 0.5966666671875 0.7278106515625
0 0.2133333328125 0.32544378749999997 0.2 0.3668639046875 0.32 0.384615384375 0.33999999999999997 0.3668639046875 0.32 0.3076923078125 0.27999999999999997 0.30177514843750003 0.2133333328125 0.32544378749999997
0 0.8099999999999999 0.763313609375 0.8099999999999999 0.804733728125 0.8233333328124999 0.8224852078125 0.7866666671875 0.8757396453125 0.89 0.8106508874999999 0.8699999999999999 0.8165680468750001 0.8866666671875001 0.7869822484375 0.8766666671875001 0.7278106515625 0.8333333328125001 0.7278106515625 0.8099999999999999 0.763313609375
0 0.48 0.437869821875 0.5066666671875 0.4615384609375 0.5233333328125 0.437869821875 0.5233333328125 0.39053254375 0.4966666671875 0.36094674531250004 0.48 0.437869821875
0 0.1233333328125 0.5443786984375001 0.1366666671875 0.6508875734374999 0.18 0.6508875734374999 0.1933333328125 0.5857988171875 0.19 0.5266272187500001 0.16 0.4911242609375 0.1233333328125 0.5443786984375001
0 0.2766666671875 0.66272189375 0.2733333328125 0.7396449703125 0.29 0.7810650890625 0.3133333328125 0.7928994078125 0.3433333328125 0.7041420125 0.3233333328125 0.6508875734374999 0.3 0.6390532546875 0.2766666671875 0.66272189375