1 0.5933333328125 0.32544378749999997 0.6033333328125 0.384615384375 0.6333333328124999 0.4023668640625 0.6866666671874999 0.39053254375 0.7066666671874999 0.34911242656249997 0.7033333328125 0.3136094671875 0.6866666671874999 0.28402366875 0.6566666671875 0.2958579875 0.6433333328125 0.27810650937500003 0.5933333328125 0.32544378749999997
1 0.0433333328125 0.8165680468750001 0.0466666671875 0.863905325 0.10333333281249998 0.8875739640625 0.1166666671875 0.8165680468750001 0.06999999999999999 0.79881656875 0.0433333328125 0.8165680468750001
1 0.2166666671875 0.6331360953125 0.2033333328125 0.6982248515625 0.24666666718750002 0.6982248515625 0.27999999999999997 0.6686390531249999 0.27999999999999997 0.615384615625 0.24666666718750002 0.60946745625 0.2166666671875 0.6331360953125
1 0.4266666671875 0.5088757390625 0.37666666718749997 0.5029585796875 0.37333333281250003 0.562130178125 0.4566666671875 0.5739644968750001 0.4733333328125 0.5029585796875 0.44333333281250004 0.48520709999999995 0.4266666671875 0.5088757390625
1 0.5233333328125 0.437869821875 0.45999999999999996 0.47337278125 0.44333333281250004 0.5147929 0.6 0.5384615390625 0.61 0.48520709999999995 0.5933333328125 0.437869821875 0.5966666671875 0.39053254375 0.5599999999999999 0.384615384375 0.5233333328125 0.437869821875
1 0.7766666671875 0.3136094671875 0.7966666671875 0.384615384375 0.8233333328124999 0.4023668640625 0.89 0.39053254375 0.8966666671875 0.3136094671875 0.8866666671875001 0.2958579875 0.8033333328125 0.28402366875 0.7766666671875 0.3136094671875
1 0.13999999999999999 0.8520710062499999 0.1933333328125 0.863905325 0.21000000000000002 0.7751479296875 0.16 0.763313609375 0.13999999999999999 0.8520710062499999
0 0.45 0.7337278109375001 0.44333333281250004 0.763313609375 0.4933333328125 0.863905325 0.5166666671875 0.8757396453125 0.5700000000000001 0.763313609375 0.5533333328125 0.7218934906250001 0.5 0.71597633125 0.45 0.7337278109375001
0 0.6233333328125 0.763313609375 0.63 0.8106508874999999 0.6566666671875 0.846153846875 0.6566666671875 0.9467455625 0.72 0.8343195265625001 0.7266666671875 0.6863905328125 0.7233333328125 0.656804734375 0.6666666671875 0.6449704140625 0.6233333328125 0.763313609375
0 0.30333333281249997 0.804733728125 0.30333333281249997 0.893491125 0.37 0.9230769234375 0.38333333281250004 0.899408284375 0.3866666671875 0.8224852078125 0.33999999999999997 0.7810650890625 0.30333333281249997 0.804733728125
0 0.7933333328125001 0.562130178125 0.7866666671875 0.7218934906250001 0.77 0.7869822484375 0.7666666671875 0.8520710062499999 0.78 0.8757396453125 0.8033333328125 0.8520710062499999 0.8099999999999999 0.76923076875 0.8533333328125 0.5976331359375 0.8466666671875 0.5502958578125 0.8066666671875 0.532544378125 0.7933333328125001 0.562130178125
0 0.8633333328124999 0.7869822484375 0.8400000000000001 0.8165680468750001 0.8400000000000001 0.857988165625 0.9 0.8875739640625 0.9066666671875 0.8165680468750001 0.8699999999999999 0.7337278109375001 0.8633333328124999 0.7869822484375
0 0.6833333328125 0.4911242609375 0.6799999999999999 0.5562130171875 0.7333333328125 0.5502958578125 0.74 0.479289940625 0.7133333328125 0.45562130156249997 0.6833333328125 0.4911242609375
0 0.5566666671875 0.5976331359375 0.5633333328125001 0.656804734375 0.5966666671875 0.66272189375 0.5966666671875 0.615384615625 0.5666666671875 0.5857988171875 0.5566666671875 0.5976331359375
0 0.26 1 0.2833333328125 0.9644970421875 0.2533333328125 0.8816568046875 0.2033333328125 0.8698224859374999 0.1766666671875 0.9349112421875001 0.1833333328125 1 0.26 1