1 0.2066666671875 0.60946745625 0.21000000000000002 0.6508875734374999 0.23333333281250002 0.6686390531249999 0.27999999999999997 0.6508875734374999 0.2866666671875 0.5857988171875 0.24333333281249997 0.57988165625 0.2066666671875 0.60946745625
1 0.41333333281250006 0.5384615390625 0.4566666671875 0.5562130171875 0.45999999999999996 0.48520709999999995 0.4066666671875 0.4615384609375 0.41333333281250006 0.5384615390625
1 0.62 0.33727810625 0.6366666671875 0.4023668640625 0.6799999999999999 0.42011834375 0.7366666671875 0.3964497046875 0.74 0.343195265625 0.7266666671875 0.31952662656249997 0.6733333328125 0.30177514843750003 0.62 0.33727810625
1 0 0.763313609375 0.0066666671875 0.8284023671874999 0.0933333328125 0.846153846875 0.1166666671875 0.8284023671874999 0.10333333281249998 0.7514792906250001 0.05 0.7396449703125 0 0.763313609375
1 0.8 0.39053254375 0.8 0.40828402343750003 0.8566666671875 0.47337278125 0.9199999999999999 0.44378698281249995 0.9066666671875 0.36094674531250004 0.8566666671875 0.34911242656249997 0.8 0.39053254375
1 0.15 0.7751479296875 0.2 0.7928994078125 0.21000000000000002 0.7218934906250001 0.1666666671875 0.7041420125 0.15 0.7751479296875
0 0.44333333281250004 0.7218934906250001 0.44333333281250004 0.75739645 0.47000000000000003 0.804733728125 0.46333333281250005 0.8520710062499999 0.48 0.8165680468750001 0.4966666671875 0.8520710062499999 0.48666666718749996 0.8757396453125 0.5333333328125 0.8816568046875 0.5533333328125 0.7396449703125 0.54 0.71597633125 0.46333333281250005 0.710059171875 0.44333333281250004 0.7218934906250001
0 0.62 0.6035502953125 0.61 0.7751479296875 0.6233333328125 0.8284023671874999 0.67 0.8284023671874999 0.6933333328125 0.8520710062499999 0.7066666671874999 0.7869822484375 0.7 0.627218934375 0.6733333328125 0.5680473375 0.6433333328125 0.562130178125 0.62 0.6035502953125
0 0.77 0.5917159765625 0.7766666671875 0.76923076875 0.7666666671875 0.8698224859374999 0.7766666671875 0.893491125 0.79 0.8875739640625 0.8566666671875 0.6508875734374999 0.85 0.5739644968750001 0.7866666671875 0.5680473375 0.77 0.5917159765625
0 0.2766666671875 0.8343195265625001 0.30333333281249997 0.9230769234375 0.3366666671875 0.9289940828125 0.36 0.90532544375 0.36666666718749996 0.8343195265625001 0.3233333328125 0.8165680468750001 0.2766666671875 0.8343195265625001
0 0.9199999999999999 0.5562130171875 0.9099999999999999 0.6804733734374999 0.9233333328125 0.7218934906250001 0.9533333328125 0.7041420125 0.9666666671874999 0.6508875734374999 0.9566666671874999 0.5739644968750001 0.9333333328125001 0.5266272187500001 0.9199999999999999 0.5562130171875
0 0.4766666671875 0.57988165625 0.49000000000000005 0.6508875734374999 0.5599999999999999 0.66272189375 0.5766666671875 0.621301775 0.5700000000000001 0.57988165625 0.5466666671875 0.5384615390625 0.5233333328125 0.5384615390625 0.4766666671875 0.57988165625
0 0.1433333328125 0.9112426031249999 0.13999999999999999 0.940828403125 0.1966666671875 0.9822485203125 0.2133333328125 0.90532544375 0.17333333281250002 0.893491125 0.1433333328125 0.9112426031249999
0 0.6733333328125 1 0.7 0.9171597640625 0.6799999999999999 0.8875739640625 0.62 0.9171597640625 0.6133333328125 0.95857988125 0.6366666671875 1 0.6733333328125 1