0 0.15 0.520710059375 0.13999999999999999 0.5562130171875 0.15 0.6035502953125 0.1833333328125 0.6449704140625 0.2233333328125 0.656804734375 0.3066666671875 0.5739644968750001 0.29333333281249996 0.5029585796875 0.1933333328125 0.4911242609375 0.15 0.520710059375
0 0.42000000000000004 0.7337278109375001 0.39 0.8875739640625 0.4966666671875 0.8284023671874999 0.5033333328125 0.763313609375 0.49000000000000005 0.7278106515625 0.5033333328125 0.7041420125 0.48666666718749996 0.656804734375 0.4566666671875 0.6508875734374999 0.42000000000000004 0.7337278109375001
0 0.55 0.6035502953125 0.5533333328125 0.6804733734374999 0.6 0.710059171875 0.6333333328124999 0.6508875734374999 0.6366666671875 0.57988165625 0.5866666671874999 0.5562130171875 0.55 0.6035502953125
0 0.76 0.5384615390625 0.7633333328125 0.621301775 0.78 0.66272189375 0.8266666671875 0.6686390531249999 0.8566666671875 0.6035502953125 0.86 0.532544378125 0.8066666671875 0.49704142031250004 0.76 0.5384615390625
0 0.1666666671875 0.7514792906250001 0.1633333328125 0.857988165625 0.2033333328125 0.9230769234375 0.2533333328125 0.9112426031249999 0.2666666671875 0.7869822484375 0.2033333328125 0.7396449703125 0.1666666671875 0.7514792906250001
0 0.32999999999999996 0.656804734375 0.3933333328125 0.6804733734374999 0.41333333281250006 0.60946745625 0.4 0.5502958578125 0.33999999999999997 0.5443786984375001 0.32999999999999996 0.656804734375
0 0.44333333281250004 0.520710059375 0.46333333281250005 0.5562130171875 0.5 0.5680473375 0.5333333328125 0.5029585796875 0.53 0.4497041421875 0.52 0.42603550312499994 0.46666666718750005 0.40828402343750003 0.44333333281250004 0.520710059375
0 0.63 0.8284023671874999 0.6366666671875 0.893491125 0.6566666671875 0.9171597640625 0.6966666671875 0.9230769234375 0.7266666671875 0.899408284375 0.7733333328125 0.79881656875 0.75 0.71597633125 0.6966666671875 0.7041420125 0.63 0.8284023671874999
0 0.8966666671875 1 0.9 0.8816568046875 0.93 0.857988165625 0.9466666671875 0.804733728125 0.9433333328125 0.763313609375 0.8966666671875 0.7278106515625 0.8433333328125 0.7810650890625 0.8333333328125001 0.8165680468750001 0.8533333328125 0.9467455625 0.8766666671875001 1 0.8966666671875 1
0 0.0466666671875 0.6804733734374999 0.05 0.7337278109375001 0.11000000000000001 0.71597633125 0.11333333281249999 0.6686390531249999 0.0866666671875 0.6508875734374999 0.0466666671875 0.6804733734374999
0 0.64 0.47337278125 0.64 0.520710059375 0.6666666671875 0.5739644968750001 0.7 0.5384615390625 0.71 0.467455621875 0.6566666671875 0.4497041421875 0.64 0.47337278125
1 0.2266666671875 0.34911242656249997 0.2133333328125 0.3964497046875 0.3266666671875 0.42603550312499994 0.4066666671875 0.372781065625 0.4 0.33727810625 0.3233333328125 0.32544378749999997 0.2266666671875 0.34911242656249997
1 0.5766666671875 0.3076923078125 0.5433333328125001 0.3550295859375 0.6266666671875 0.384615384375 0.6833333328125 0.33727810625 0.6733333328125 0.30177514843750003 0.6266666671875 0.28402366875 0.5766666671875 0.3076923078125
1 0.0266666671875 0.4023668640625 0.0233333328125 0.47337278125 0.0366666671875 0.49704142031250004 0.0533333328125 0.5088757390625 0.13 0.47337278125 0.1266666671875 0.42011834375 0.11000000000000001 0.39053254375 0.0566666671875 0.3668639046875 0.0266666671875 0.4023668640625
1 0.8233333328124999 0.384615384375 0.8566666671875 0.437869821875 0.96 0.45562130156249997 0.9733333328124999 0.4319526625 0.9266666671875001 0.36094674531250004 0.8333333328125001 0.343195265625 0.8233333328124999 0.384615384375