0 0.3533333328125 0.2835820890625 0.3366666671875 0.32338308437499996 0.3366666671875 0.3681592046875 0.3533333328125 0.38805970156249997 0.49000000000000005 0.378109453125 0.51 0.35820895468749997 0.5066666671875 0.3184079609375 0.4766666671875 0.2885572140625 0.37333333281250003 0.273631840625 0.3533333328125 0.2835820890625
0 0.5833333328125 0.2089552234375 0.5633333328125001 0.3084577109375 0.6066666671875 0.3333333328125 0.6833333328125 0.3134328359375 0.7 0.2388059703125 0.6966666671875 0.1890547265625 0.6466666671875 0.17910447812500002 0.5833333328125 0.2089552234375
0 0.2133333328125 0.40796019843750003 0.1933333328125 0.4378109453125 0.2133333328125 0.522388059375 0.24 0.54726368125 0.2633333328125 0.522388059375 0.3066666671875 0.527363184375 0.33999999999999997 0.4577114421875 0.3333333328125 0.40796019843750003 0.2666666671875 0.39800995 0.2133333328125 0.40796019843750003
0 0.36666666718749996 0.477611940625 0.3533333328125 0.5124378109375 0.4 0.5721393031249999 0.5033333328125 0.5820895515625 0.5233333328125 0.5572139296875 0.5266666671875 0.48756218906250004 0.48666666718749996 0.4427860703125 0.36666666718749996 0.477611940625
0 0.5566666671875 0.41293532343750006 0.55 0.4378109453125 0.5933333328125 0.5174129359374999 0.6233333328125 0.522388059375 0.6566666671875 0.48756218906250004 0.6633333328125001 0.41293532343750006 0.5900000000000001 0.38805970156249997 0.5566666671875 0.41293532343750006
0 0.7466666671875 0.3034825875 0.7366666671875 0.38805970156249997 0.76 0.44776119375 0.7866666671875 0.45273631875 0.8033333328125 0.35323383124999996 0.7966666671875 0.29850746250000004 0.77 0.2835820890625 0.7466666671875 0.3034825875
0 0.27 0.74626865625 0.2733333328125 0.800995025 0.29 0.820895521875 0.3866666671875 0.8358208953125 0.3933333328125 0.7313432828125 0.3266666671875 0.7164179109375 0.27 0.74626865625
0 0.4066666671875 0.7960199 0.41 0.8407960203125 0.44000000000000006 0.9054726375 0.53 0.9104477609374999 0.5833333328125 0.880597015625 0.5700000000000001 0.8109452734374999 0.5333333328125 0.7661691546875 0.46333333281250005 0.7661691546875 0.4066666671875 0.7960199
0 0.6433333328125 0.85074626875 0.6366666671875 0.9253731343749999 0.6666666671875 0.970149253125 0.7566666671875 0.8656716421875 0.75 0.85074626875 0.6666666671875 0.8457711437500001 0.6433333328125 0.85074626875
0 0.16 0.8407960203125 0.1266666671875 0.875621890625 0.2166666671875 0.970149253125 0.27999999999999997 0.9452736312500001 0.29333333281249996 0.9104477609374999 0.29 0.8656716421875 0.2666666671875 0.8258706468750001 0.2266666671875 0.820895521875 0.16 0.8407960203125
0 0.23333333281250002 0.6069651734375 0.2366666671875 0.621890546875 0.29333333281249996 0.6716417906250001 0.45999999999999996 0.6567164171875 0.5233333328125 0.621890546875 0.4966666671875 0.5920398015624999 0.46333333281250005 0.5870646765624999 0.2533333328125 0.5870646765624999 0.23333333281250002 0.6069651734375