0 0.3266666671875 0.16417910468750002 0.32 0.24875621875 0.4266666671875 0.24378109375 0.45 0.223880596875 0.44666666718750003 0.15422885625 0.38 0.1393034828125 0.3266666671875 0.16417910468750002
0 0.5533333328125 0.1094527359375 0.5433333328125001 0.16417910468750002 0.5766666671875 0.2139303484375 0.7033333328125 0.20398010000000003 0.7066666671874999 0.174129353125 0.7533333328125 0.14427860625 0.74 0.11940298437500001 0.6833333328125 0.124378109375 0.6233333328125 0.08955223906250001 0.5733333328125 0.08955223906250001 0.5533333328125 0.1094527359375
0 0.4233333328125 0.3383084578125 0.4166666671875 0.378109453125 0.48 0.4427860703125 0.5333333328125 0.44776119375 0.5766666671875 0.3830845765625 0.5599999999999999 0.3432835828125 0.46666666718750005 0.3134328359375 0.4233333328125 0.3383084578125
0 0.61 0.3432835828125 0.62 0.40298507499999997 0.6599999999999999 0.4328358203125 0.73 0.427860696875 0.7433333328125 0.3383084578125 0.6599999999999999 0.3084577109375 0.61 0.3432835828125
0 0.63 0.5373134328125 0.63 0.55223880625 0.6900000000000001 0.621890546875 0.73 0.6417910453125 0.79 0.626865671875 0.8233333328124999 0.55223880625 0.8 0.527363184375 0.7 0.5124378109375 0.63 0.5373134328125
0 0.7033333328125 0.278606965625 0.7033333328125 0.29850746250000004 0.7666666671875 0.3432835828125 0.8333333328125001 0.34825870625 0.8633333328124999 0.3184079609375 0.8766666671875001 0.278606965625 0.8633333328124999 0.25373134375 0.7766666671875 0.24378109375 0.7033333328125 0.278606965625
0 0.8 0.4378109453125 0.8033333328125 0.4925373140625 0.8233333328124999 0.5323383078124999 0.8099999999999999 0.6169154234375 0.8166666671874999 0.6467661687499999 0.8566666671875 0.6119402984375 0.93 0.44776119375 0.9233333328125 0.4179104484375 0.8766666671875001 0.40796019843750003 0.8 0.4378109453125
0 0.5533333328125 0.8606965171875001 0.5866666671874999 0.9452736312500001 0.6666666671875 0.9004975125 0.67 0.870646765625 0.6466666671875 0.8308457718750001 0.61 0.8159203984375001 0.5533333328125 0.8606965171875001
0 0.8033333328125 0.771144278125 0.8 0.9004975125 0.8533333328125 0.9004975125 0.8533333328125 0.7412935328125 0.82 0.721393034375 0.8033333328125 0.771144278125
0 0.2966666671875 0.7164179109375 0.3133333328125 0.7412935328125 0.36 0.74626865625 0.38333333281250004 0.7014925375 0.38333333281250004 0.5970149250000001 0.3566666671875 0.577114428125 0.3 0.577114428125 0.2966666671875 0.7164179109375
0 0.10333333281249998 0.5373134328125 0.08333333281250001 0.5820895515625 0.09 0.626865671875 0.1566666671875 0.6865671640625 0.1966666671875 0.6815920390625 0.2266666671875 0.6119402984375 0.2266666671875 0.5572139296875 0.21000000000000002 0.5174129359374999 0.1766666671875 0.5024875625 0.10333333281249998 0.5373134328125
0 0.4166666671875 0.6169154234375 0.4233333328125 0.6666666671875 0.4533333328125 0.726368159375 0.52 0.7412935328125 0.5466666671875 0.676616915625 0.54 0.6169154234375 0.51 0.5721393031249999 0.48 0.5721393031249999 0.4166666671875 0.6169154234375
0 0.23333333281250002 0.40298507499999997 0.1233333328125 0.40298507499999997 0.1166666671875 0.4378109453125 0.1633333328125 0.4825870640625 0.2366666671875 0.4825870640625 0.2866666671875 0.5074626859375 0.32 0.4975124375 0.3533333328125 0.44776119375 0.3166666671875 0.39800995 0.25 0.38805970156249997 0.23333333281250002 0.40298507499999997
0 0.4966666671875 0.1592039796875 0.5133333328125 0.14427860625 0.5033333328125 0.124378109375 0.4966666671875 0.1592039796875
0 0.2166666671875 0.8407960203125 0.2866666671875 0.875621890625 0.2733333328125 0.8457711437500001 0.2766666671875 0.7611940296874999 0.1266666671875 0.7412935328125 0.1633333328125 0.7611940296874999 0.2166666671875 0.8407960203125
0 0.6866666671874999 0.9353233828124999 0.6900000000000001 0.9601990046875001 0.71 0.9751243781250001 0.7466666671875 0.9651741296875 0.75 0.9203980093749999 0.71 0.9104477609374999 0.6866666671874999 0.9353233828124999