0 0.1566666671875 0.2885572140625 0.1633333328125 0.35820895468749997 0.22999999999999998 0.38805970156249997 0.2766666671875 0.35820895468749997 0.2733333328125 0.3333333328125 0.19 0.24875621875 0.1566666671875 0.2885572140625
0 0.1566666671875 0.47263681562500004 0.1633333328125 0.527363184375 0.2166666671875 0.6169154234375 0.24666666718750002 0.626865671875 0.2733333328125 0.6119402984375 0.27 0.5621890546875 0.2966666671875 0.47263681562500004 0.2733333328125 0.45273631875 0.1833333328125 0.44776119375 0.1566666671875 0.47263681562500004
0 0.2966666671875 0.169154228125 0.29333333281249996 0.199004975 0.3233333328125 0.24875621875 0.3933333328125 0.2636815921875 0.4066666671875 0.23383084531249998 0.3966666671875 0.16417910468750002 0.33999999999999997 0.14427860625 0.2966666671875 0.169154228125
0 0.3533333328125 0.3631840796875 0.37 0.4378109453125 0.3633333328125 0.46766169218750003 0.38333333281250004 0.47263681562500004 0.3933333328125 0.45273631875 0.42000000000000004 0.48756218906250004 0.48 0.47263681562500004 0.49000000000000005 0.378109453125 0.41333333281250006 0.34825870625 0.3533333328125 0.3631840796875
0 0.52 0.10447761250000001 0.52 0.14925373125000002 0.4933333328125 0.1840796015625 0.5066666671875 0.2686567171875 0.5700000000000001 0.2935323390625 0.6566666671875 0.278606965625 0.6633333328125001 0.25373134375 0.6466666671875 0.23383084531249998 0.6133333328125 0.22885572187499997 0.61 0.16417910468750002 0.5766666671875 0.1592039796875 0.5700000000000001 0.10447761250000001 0.54 0.08955223906250001 0.52 0.10447761250000001
0 0.5566666671875 0.39800995 0.5766666671875 0.48756218906250004 0.6633333328125001 0.4825870640625 0.7133333328125 0.45273631875 0.73 0.42288557187500003 0.7233333328125 0.40298507499999997 0.6833333328125 0.38805970156249997 0.5700000000000001 0.3681592046875 0.5566666671875 0.39800995
0 0.5066666671875 0.6666666671875 0.46666666718750005 0.721393034375 0.48 0.8109452734374999 0.53 0.8855721390625 0.5766666671875 0.8656716421875 0.6066666671875 0.8258706468750001 0.6266666671875 0.7611940296874999 0.6233333328125 0.6915422890625 0.6066666671875 0.6616915421875 0.54 0.65174129375 0.5066666671875 0.6666666671875
0 0.11000000000000001 0.8905472640625 0.1433333328125 0.95024875625 0.2133333328125 0.95024875625 0.2533333328125 0.9154228859375 0.1966666671875 0.8606965171875001 0.1266666671875 0.85572139375 0.11000000000000001 0.8905472640625
0 0.33999999999999997 0.8308457718750001 0.3133333328125 0.870646765625 0.3266666671875 0.9253731343749999 0.38333333281250004 0.9452736312500001 0.44333333281250004 0.8955223875 0.48666666718749996 0.9004975125 0.43333333281249997 0.8457711437500001 0.3966666671875 0.85074626875 0.36666666718749996 0.8258706468750001 0.33999999999999997 0.8308457718750001
0 0.7166666671875 0.6318407953125 0.72 0.721393034375 0.7366666671875 0.7363184078125 0.7833333328125 0.726368159375 0.7966666671875 0.626865671875 0.73 0.6119402984375 0.7166666671875 0.6318407953125
0 0.6866666671874999 0.8258706468750001 0.6966666671875 0.9004975125 0.7733333328125 0.8955223875 0.8066666671875 0.85572139375 0.7933333328125001 0.781094528125 0.7166666671875 0.7661691546875 0.6866666671874999 0.8258706468750001