0 0.2733333328125 0.278606965625 0.3 0.3383084578125 0.36 0.3432835828125 0.36666666718749996 0.2636815921875 0.3566666671875 0.24378109375 0.3133333328125 0.25373134375 0.2766666671875 0.2388059703125 0.2733333328125 0.278606965625
0 0.2033333328125 0.41293532343750006 0.2 0.5323383078124999 0.2366666671875 0.6069651734375 0.3133333328125 0.60199005 0.29 0.5174129359374999 0.32 0.4378109453125 0.3133333328125 0.40298507499999997 0.22000000000000003 0.373134328125 0.2033333328125 0.41293532343750006
0 0.41 0.3333333328125 0.4 0.3830845765625 0.4566666671875 0.4378109453125 0.5033333328125 0.4328358203125 0.5166666671875 0.32835820937500004 0.5 0.3084577109375 0.44666666718750003 0.3034825875 0.41 0.3333333328125
0 0.3566666671875 0.48756218906250004 0.36 0.5970149250000001 0.4033333328125 0.626865671875 0.4566666671875 0.6169154234375 0.46666666718750005 0.5721393031249999 0.45999999999999996 0.477611940625 0.4033333328125 0.46268656718749995 0.3566666671875 0.48756218906250004
0 0.5566666671875 0.273631840625 0.5233333328125 0.2636815921875 0.5266666671875 0.2835820890625 0.6 0.3681592046875 0.6799999999999999 0.35820895468749997 0.6799999999999999 0.278606965625 0.6599999999999999 0.23383084531249998 0.6066666671875 0.2089552234375 0.5566666671875 0.273631840625
0 0.4966666671875 0.48756218906250004 0.48666666718749996 0.55223880625 0.4966666671875 0.5870646765624999 0.5866666671874999 0.5920398015624999 0.6866666671874999 0.5572139296875 0.67 0.46766169218750003 0.5566666671875 0.4577114421875 0.4966666671875 0.48756218906250004
0 0.1933333328125 0.9253731343749999 0.2233333328125 0.8606965171875001 0.1833333328125 0.8059701499999999 0.1366666671875 0.8059701499999999 0.13999999999999999 0.8905472640625 0.1933333328125 0.9253731343749999
0 0.45999999999999996 1 0.4233333328125 0.95522388125 0.41333333281250006 0.8606965171875001 0.4233333328125 0.800995025 0.3933333328125 0.7761194031249999 0.3 0.85572139375 0.3 0.9004975125 0.3466666671875 1 0.45999999999999996 1
0 0.46333333281250005 0.7661691546875 0.44333333281250004 0.8059701499999999 0.45 0.8358208953125 0.5466666671875 0.8855721390625 0.62 0.85572139375 0.6366666671875 0.7860696515625001 0.63 0.75621890625 0.5266666671875 0.7412935328125 0.46333333281250005 0.7661691546875
0 0.73 0.7761194031249999 0.7266666671875 0.820895521875 0.78 0.8905472640625 0.85 0.8905472640625 0.86 0.8358208953125 0.9 0.8159203984375001 0.8633333328124999 0.771144278125 0.7733333328125 0.75124378125 0.73 0.7761194031249999
0 0.22000000000000003 0.14925373125000002 0.1933333328125 0.20398010000000003 0.2266666671875 0.23383084531249998 0.3266666671875 0.223880596875 0.39 0.24378109375 0.5599999999999999 0.24875621875 0.6033333328125 0.22885572187499997 0.5966666671875 0.199004975 0.5599999999999999 0.174129353125 0.4933333328125 0.16417910468750002 0.46666666718750005 0.124378109375 0.39 0.0995024875 0.22000000000000003 0.14925373125000002