0 0.2166666671875 0.2587064671875 0.22999999999999998 0.3333333328125 0.2866666671875 0.35820895468749997 0.3466666671875 0.3432835828125 0.32 0.2587064671875 0.2766666671875 0.223880596875 0.2166666671875 0.2587064671875
0 0.2766666671875 0.4577114421875 0.26 0.5124378109375 0.2766666671875 0.55223880625 0.32 0.5721393031249999 0.33999999999999997 0.60199005 0.3633333328125 0.60199005 0.3966666671875 0.5721393031249999 0.4066666671875 0.46766169218750003 0.3466666671875 0.44776119375 0.2766666671875 0.4577114421875
0 0.4166666671875 0.1890547265625 0.3933333328125 0.2686567171875 0.3333333328125 0.218905471875 0.32999999999999996 0.2686567171875 0.41333333281250006 0.3134328359375 0.48333333281249996 0.3134328359375 0.51 0.25373134375 0.5 0.20398010000000003 0.46333333281250005 0.1840796015625 0.4166666671875 0.1890547265625
0 0.43333333281249997 0.3930348265625 0.43333333281249997 0.4328358203125 0.46333333281250005 0.4925373140625 0.5133333328125 0.5074626859375 0.5266666671875 0.4825870640625 0.5266666671875 0.40796019843750003 0.44666666718750003 0.378109453125 0.43333333281249997 0.3930348265625
0 0.5133333328125 0.2636815921875 0.5133333328125 0.278606965625 0.5833333328125 0.3333333328125 0.6233333328125 0.3333333328125 0.63 0.25373134375 0.6033333328125 0.22885572187499997 0.5133333328125 0.2636815921875
0 0.6 0.4179104484375 0.6166666671875001 0.522388059375 0.64 0.5373134328125 0.6866666671874999 0.527363184375 0.7033333328125 0.4577114421875 0.6966666671875 0.41293532343750006 0.6233333328125 0.39800995 0.6 0.4179104484375
0 0.4266666671875 0.6467661687499999 0.52 0.6716417906250001 0.6033333328125 0.6069651734375 0.5566666671875 0.577114428125 0.48666666718749996 0.577114428125 0.4266666671875 0.6467661687499999
0 0.44333333281250004 0.8059701499999999 0.4566666671875 0.85572139375 0.5366666671875 0.85572139375 0.5933333328125 0.800995025 0.5566666671875 0.7661691546875 0.5 0.7611940296874999 0.44333333281250004 0.8059701499999999
0 0.65 0.721393034375 0.6566666671875 0.8059701499999999 0.6733333328125 0.8407960203125 0.6966666671875 0.85074626875 0.73 0.8159203984375001 0.74 0.75124378125 0.7233333328125 0.7014925375 0.67 0.6965174125 0.65 0.721393034375
0 0.05 0.7860696515625001 0.0366666671875 0.85074626875 0.17333333281250002 0.8905472640625 0.2 0.85074626875 0.17333333281250002 0.7860696515625001 0.0633333328125 0.7761194031249999 0.05 0.7860696515625001
0 0.3866666671875 1 0.37 0.9452736312500001 0.3933333328125 0.9253731343749999 0.3966666671875 0.8955223875 0.3533333328125 0.8407960203125 0.2966666671875 0.85572139375 0.2966666671875 0.8955223875 0.3433333328125 0.9751243781250001 0.33999999999999997 1 0.3866666671875 1