0 0.2166666671875 0.3333333328125 0.2166666671875 0.3631840796875 0.2366666671875 0.39800995 0.2733333328125 0.40796019843750003 0.3566666671875 0.38805970156249997 0.3566666671875 0.32338308437499996 0.2766666671875 0.3034825875 0.2166666671875 0.3333333328125
0 0.44333333281250004 0.2139303484375 0.43666666718749997 0.3134328359375 0.44666666718750003 0.32835820937500004 0.52 0.3184079609375 0.5166666671875 0.2139303484375 0.4733333328125 0.19402985 0.44333333281250004 0.2139303484375
0 0.37666666718749997 0.4378109453125 0.35 0.4975124375 0.4066666671875 0.54726368125 0.5166666671875 0.5621890546875 0.5366666671875 0.5373134328125 0.5433333328125001 0.4427860703125 0.5233333328125 0.41293532343750006 0.49000000000000005 0.41293532343750006 0.37666666718749997 0.4378109453125
0 0.5533333328125 0.25373134375 0.5633333328125001 0.3134328359375 0.5900000000000001 0.35323383124999996 0.61 0.34825870625 0.6266666671875 0.2636815921875 0.6133333328125 0.24378109375 0.5700000000000001 0.24378109375 0.5533333328125 0.25373134375
0 0.6433333328125 0.378109453125 0.6566666671875 0.4825870640625 0.6766666671875 0.5024875625 0.72 0.5024875625 0.74 0.45273631875 0.7333333328125 0.378109453125 0.6666666671875 0.35323383124999996 0.6433333328125 0.378109453125
0 0.5566666671875 0.522388059375 0.55 0.5970149250000001 0.65 0.6368159203125 0.7233333328125 0.54726368125 0.6599999999999999 0.477611940625 0.6133333328125 0.477611940625 0.5566666671875 0.522388059375
0 0.64 0.23383084531249998 0.7033333328125 0.2835820890625 0.7366666671875 0.2835820890625 0.76 0.1840796015625 0.7466666671875 0.16417910468750002 0.71 0.16417910468750002 0.64 0.23383084531249998
0 0.1566666671875 0.7014925375 0.08333333281250001 0.7064676609375 0.08 0.721393034375 0.10333333281249998 0.7661691546875 0.1366666671875 0.7860696515625001 0.2666666671875 0.75621890625 0.2633333328125 0.721393034375 0.23333333281250002 0.6865671640625 0.18 0.676616915625 0.1566666671875 0.7014925375
0 0.33999999999999997 0.6567164171875 0.3333333328125 0.6865671640625 0.3533333328125 0.7661691546875 0.3933333328125 0.75621890625 0.42000000000000004 0.6965174125 0.4033333328125 0.65174129375 0.37333333281250003 0.6467661687499999 0.33999999999999997 0.6567164171875
0 0.3866666671875 0.781094528125 0.4 0.8308457718750001 0.45 0.870646765625 0.54 0.870646765625 0.5700000000000001 0.8407960203125 0.5700000000000001 0.7960199 0.5366666671875 0.75124378125 0.4 0.7412935328125 0.3866666671875 0.781094528125
0 0.7533333328125 0.85074626875 0.7466666671875 0.870646765625 0.79 0.8905472640625 0.8266666671875 0.8457711437500001 0.8066666671875 0.8308457718750001 0.7533333328125 0.85074626875
0 0.7933333328125001 0.4328358203125 0.8 0.47263681562500004 0.8300000000000001 0.4975124375 0.8433333328125 0.373134328125 0.8366666671875 0.34825870625 0.8233333328124999 0.34825870625 0.7933333328125001 0.4328358203125
0 0.2966666671875 0.223880596875 0.2966666671875 0.273631840625 0.3433333328125 0.2835820890625 0.38333333281250004 0.2686567171875 0.38333333281250004 0.199004975 0.33999999999999997 0.1840796015625 0.2966666671875 0.223880596875
0 0.7266666671875 1 0.7466666671875 0.9651741296875 0.75 0.9154228859375 0.7366666671875 0.875621890625 0.7233333328125 0.875621890625 0.6666666671875 0.9154228859375 0.6433333328125 0.970149253125 0.65 1 0.7266666671875 1
0 0.12 0.85572139375 0.13999999999999999 0.9402985078125001 0.25666666718750003 0.9452736312500001 0.27999999999999997 0.9253731343749999 0.2866666671875 0.880597015625 0.2633333328125 0.8358208953125 0.19 0.820895521875 0.12 0.85572139375
0 0.73 0.5572139296875 0.7 0.577114428125 0.7066666671874999 0.5970149250000001 0.7766666671875 0.5970149250000001 0.8133333328125 0.5621890546875 0.82 0.5074626859375 0.77 0.48756218906250004 0.73 0.5572139296875
0 0.7733333328125 0.20398010000000003 0.78 0.2587064671875 0.8066666671875 0.2935323390625 0.85 0.2835820890625 0.8333333328125001 0.1890547265625 0.7966666671875 0.169154228125 0.7733333328125 0.20398010000000003