0 0.48 0.1890547265625 0.48 0.23383084531249998 0.55 0.2835820890625 0.6333333328124999 0.2835820890625 0.7133333328125 0.25373134375 0.6966666671875 0.218905471875 0.6566666671875 0.2139303484375 0.6333333328124999 0.17910447812500002 0.5733333328125 0.169154228125 0.48 0.1890547265625
0 0.62 0.3432835828125 0.6133333328125 0.378109453125 0.6733333328125 0.42288557187500003 0.7466666671875 0.4328358203125 0.77 0.4179104484375 0.7866666671875 0.373134328125 0.7533333328125 0.3383084578125 0.6933333328125 0.32835820937500004 0.62 0.3432835828125
0 0.3233333328125 0.29850746250000004 0.3166666671875 0.3333333328125 0.36666666718749996 0.38805970156249997 0.41 0.38805970156249997 0.4266666671875 0.2885572140625 0.4166666671875 0.2686567171875 0.37333333281250003 0.2686567171875 0.3233333328125 0.29850746250000004
0 0.5566666671875 0.47263681562500004 0.6033333328125 0.5422885578125001 0.6599999999999999 0.5621890546875 0.6900000000000001 0.477611940625 0.6733333328125 0.4328358203125 0.6233333328125 0.42288557187500003 0.5566666671875 0.47263681562500004
0 0.8166666671874999 0.3631840796875 0.82 0.3830845765625 0.95 0.39800995 0.9533333328125 0.35323383124999996 0.9333333328125001 0.2885572140625 0.8533333328125 0.2686567171875 0.8166666671874999 0.3631840796875
0 0.73 0.5074626859375 0.7233333328125 0.5572139296875 0.77 0.6567164171875 0.82 0.6567164171875 0.8566666671875 0.522388059375 0.8366666671875 0.48756218906250004 0.76 0.47263681562500004 0.73 0.5074626859375
0 0.3266666671875 0.10447761250000001 0.3366666671875 0.1592039796875 0.4066666671875 0.1592039796875 0.43333333281249997 0.11940298437500001 0.4233333328125 0.07462686562500001 0.37333333281250003 0.069651740625 0.3266666671875 0.10447761250000001
0 0.6266666671875 0.9104477609374999 0.6266666671875 0.9353233828124999 0.6666666671875 0.9353233828124999 0.6933333328125 0.9004975125 0.6466666671875 0.8905472640625 0.6266666671875 0.9104477609374999
0 0.85 1 0.8766666671875001 0.95024875625 0.86 0.9004975125 0.7866666671875 0.8955223875 0.75 0.9353233828124999 0.7766666671875 1 0.85 1
0 0.1 0.4925373140625 0.07666666718750001 0.5074626859375 0.0933333328125 0.5422885578125001 0.09 0.60199005 0.11000000000000001 0.6169154234375 0.22000000000000003 0.6119402984375 0.25 0.5870646765624999 0.2633333328125 0.54726368125 0.2533333328125 0.46268656718749995 0.1166666671875 0.44776119375 0.1 0.4925373140625
0 0.39 0.5920398015624999 0.39 0.6417910453125 0.41 0.6815920390625 0.4733333328125 0.6815920390625 0.4966666671875 0.65174129375 0.48 0.5621890546875 0.41 0.5572139296875 0.39 0.5920398015624999
0 0.29 0.6965174125 0.2833333328125 0.75124378125 0.3 0.8109452734374999 0.35 0.8308457718750001 0.38 0.7114427859375 0.37 0.6666666671875 0.3366666671875 0.6666666671875 0.29 0.6965174125
0 0.2766666671875 0.46268656718749995 0.29 0.5124378109375 0.3133333328125 0.5373134328125 0.37666666718749997 0.527363184375 0.4 0.4825870640625 0.3966666671875 0.44776119375 0.3066666671875 0.3930348265625 0.2766666671875 0.46268656718749995