0 0.05 0.2935323390625 0.0366666671875 0.35820895468749997 0.15 0.3830845765625 0.14666666718750002 0.2636815921875 0.1 0.2388059703125 0.05 0.2935323390625
0 0.0933333328125 0.46268656718749995 0.13333333281249998 0.5671641796875 0.13999999999999999 0.6417910453125 0.1933333328125 0.6915422890625 0.2733333328125 0.6368159203125 0.2633333328125 0.4577114421875 0.2066666671875 0.4378109453125 0.0933333328125 0.46268656718749995
0 0.1633333328125 0.19402985 0.0866666671875 0.25373134375 0.08333333281250001 0.273631840625 0.1 0.2935323390625 0.25666666718750003 0.3034825875 0.2766666671875 0.273631840625 0.2866666671875 0.19402985 0.24 0.174129353125 0.1633333328125 0.19402985
0 0.25666666718750003 0.3930348265625 0.2533333328125 0.4577114421875 0.2733333328125 0.4975124375 0.31 0.5124378109375 0.3866666671875 0.5074626859375 0.4966666671875 0.42288557187500003 0.48666666718749996 0.40298507499999997 0.45 0.41293532343750006 0.4066666671875 0.378109453125 0.2833333328125 0.373134328125 0.25666666718750003 0.3930348265625
0 0.3233333328125 0.16417910468750002 0.3066666671875 0.199004975 0.3466666671875 0.23383084531249998 0.5233333328125 0.22885572187499997 0.4933333328125 0.15422885625 0.4233333328125 0.124378109375 0.3233333328125 0.16417910468750002
0 0.5333333328125 0.3333333328125 0.5466666671875 0.40796019843750003 0.5933333328125 0.40298507499999997 0.6433333328125 0.3383084578125 0.6433333328125 0.3134328359375 0.6166666671875001 0.2885572140625 0.5566666671875 0.2835820890625 0.5333333328125 0.3333333328125
0 0.5566666671875 0.05472636875 0.54 0.079601990625 0.54 0.129353234375 0.5766666671875 0.14925373125000002 0.64 0.13432835781250002 0.6433333328125 0.0845771140625 0.5933333328125 0.044776118749999996 0.5566666671875 0.05472636875
0 0.49000000000000005 0.5621890546875 0.46666666718750005 0.5870646765624999 0.47000000000000003 0.65174129375 0.5599999999999999 0.676616915625 0.6133333328125 0.6616915421875 0.6 0.5671641796875 0.53 0.5572139296875 0.49000000000000005 0.5621890546875
0 0.6533333328125 0.4925373140625 0.6566666671875 0.5671641796875 0.6900000000000001 0.5970149250000001 0.7466666671875 0.577114428125 0.7466666671875 0.4825870640625 0.6900000000000001 0.477611940625 0.6533333328125 0.4925373140625
0 0.3 0.8955223875 0.2633333328125 0.9353233828124999 0.27999999999999997 0.95024875625 0.43666666718749997 0.9452736312500001 0.42000000000000004 0.8905472640625 0.3866666671875 0.8656716421875 0.3 0.8955223875
0 0.44666666718750003 0.7611940296874999 0.44000000000000006 0.8109452734374999 0.45999999999999996 0.85074626875 0.5366666671875 0.85572139375 0.5766666671875 0.7960199 0.5700000000000001 0.74626865625 0.5133333328125 0.726368159375 0.44666666718750003 0.7611940296874999
0 0.6900000000000001 0.6915422890625 0.6833333328125 0.771144278125 0.7733333328125 0.75124378125 0.8133333328125 0.7114427859375 0.8033333328125 0.676616915625 0.7633333328125 0.6616915421875 0.6900000000000001 0.6915422890625
0 0.74 0.3830845765625 0.74 0.41293532343750006 0.7233333328125 0.4328358203125 0.7966666671875 0.48756218906250004 0.95 0.477611940625 0.9466666671875 0.44776119375 0.9133333328125 0.40298507499999997 0.8133333328125 0.3631840796875 0.74 0.3830845765625
0 0.0933333328125 0.7960199 0.0866666671875 0.8656716421875 0.1166666671875 0.9203980093749999 0.16999999999999998 0.9054726375 0.18 0.8159203984375001 0.1666666671875 0.771144278125 0.1266666671875 0.74626865625 0.0933333328125 0.7960199