1 0.7966666671875 0.5820895515625 0.8066666671875 0.6616915421875 0.9033333328125 0.6119402984375 0.8833333328125 0.5621890546875 0.8066666671875 0.54726368125 0.7966666671875 0.5820895515625
0 0.1 0.3383084578125 0.1233333328125 0.3830845765625 0.16 0.40796019843750003 0.22000000000000003 0.39800995 0.2066666671875 0.32835820937500004 0.1433333328125 0.3084577109375 0.1 0.3383084578125
0 0.2733333328125 0.1840796015625 0.25 0.2587064671875 0.37333333281250003 0.273631840625 0.4266666671875 0.24378109375 0.38 0.169154228125 0.3266666671875 0.169154228125 0.2733333328125 0.1840796015625
0 0.1 0.5124378109375 0.1 0.5323383078124999 0.1166666671875 0.5422885578125001 0.16 0.6716417906250001 0.2 0.6815920390625 0.2033333328125 0.6318407953125 0.24333333281249997 0.5074626859375 0.22000000000000003 0.477611940625 0.15 0.477611940625 0.1 0.5124378109375
0 0.2833333328125 0.3681592046875 0.2633333328125 0.3930348265625 0.3166666671875 0.44776119375 0.3433333328125 0.4378109453125 0.37 0.4577114421875 0.4033333328125 0.45273631875 0.41333333281250006 0.427860696875 0.4566666671875 0.40298507499999997 0.4 0.3631840796875 0.3466666671875 0.35323383124999996 0.2833333328125 0.3681592046875
0 0.44333333281250004 0.11442786093749999 0.4033333328125 0.0995024875 0.3966666671875 0.129353234375 0.5033333328125 0.19402985 0.6366666671875 0.1890547265625 0.63 0.129353234375 0.5933333328125 0.07462686562500001 0.48 0.0646766171875 0.44333333281250004 0.11442786093749999
0 0.4766666671875 0.32338308437499996 0.5066666671875 0.3930348265625 0.5599999999999999 0.378109453125 0.58 0.3383084578125 0.58 0.3134328359375 0.5566666671875 0.2885572140625 0.49000000000000005 0.2835820890625 0.4766666671875 0.32338308437499996
0 0.47000000000000003 0.5422885578125001 0.45999999999999996 0.577114428125 0.46666666718750005 0.621890546875 0.61 0.6169154234375 0.5933333328125 0.5174129359374999 0.5333333328125 0.5074626859375 0.47000000000000003 0.5422885578125001
0 0.6533333328125 0.44776119375 0.6433333328125 0.5124378109375 0.6566666671875 0.5621890546875 0.72 0.5820895515625 0.7466666671875 0.5621890546875 0.7533333328125 0.5024875625 0.74 0.4577114421875 0.7033333328125 0.4427860703125 0.6533333328125 0.44776119375
0 0.44000000000000006 0.7363184078125 0.44333333281250004 0.800995025 0.46333333281250005 0.8358208953125 0.5466666671875 0.8358208953125 0.5933333328125 0.771144278125 0.5833333328125 0.7014925375 0.5 0.6915422890625 0.44000000000000006 0.7363184078125
0 0.44666666718750003 1 0.44666666718750003 0.9054726375 0.4166666671875 0.880597015625 0.38333333281250004 0.9004975125 0.3066666671875 0.9004975125 0.27999999999999997 0.9303482593749999 0.19 0.9353233828124999 0.1633333328125 0.9601990046875001 0.2033333328125 1 0.2633333328125 1 0.29333333281249996 0.9751243781250001 0.3233333328125 1 0.44666666718750003 1
0 0.6766666671875 0.6666666671875 0.6766666671875 0.7363184078125 0.7066666671874999 0.781094528125 0.7266666671875 0.74626865625 0.7733333328125 0.7313432828125 0.8133333328125 0.6716417906250001 0.8 0.65174129375 0.7 0.6467661687499999 0.6766666671875 0.6666666671875
0 0.7033333328125 0.3432835828125 0.6666666671875 0.378109453125 0.7666666671875 0.4427860703125 0.9366666671875 0.4179104484375 0.9099999999999999 0.35820895468749997 0.8166666671874999 0.3184079609375 0.7033333328125 0.3432835828125
0 0.3066666671875 0.5174129359374999 0.3 0.5870646765624999 0.3166666671875 0.6069651734375 0.4033333328125 0.54726368125 0.3966666671875 0.5174129359374999 0.3166666671875 0.5124378109375 0.3066666671875 0.5174129359374999