0 0.22999999999999998 0.24378109375 0.2266666671875 0.2935323390625 0.3366666671875 0.32338308437499996 0.39 0.3134328359375 0.4033333328125 0.2139303484375 0.38333333281250004 0.17910447812500002 0.3433333328125 0.16417910468750002 0.22999999999999998 0.24378109375
0 0.4566666671875 0.24378109375 0.45999999999999996 0.32835820937500004 0.5766666671875 0.32338308437499996 0.5966666671875 0.3134328359375 0.6133333328125 0.273631840625 0.6 0.22885572187499997 0.48333333281249996 0.218905471875 0.4566666671875 0.24378109375
0 0.36 0.4328358203125 0.3466666671875 0.4825870640625 0.44666666718750003 0.55223880625 0.4966666671875 0.55223880625 0.5266666671875 0.477611940625 0.5266666671875 0.4427860703125 0.49000000000000005 0.41293532343750006 0.4166666671875 0.40298507499999997 0.36 0.4328358203125
0 0.5033333328125 0.4378109453125 0.6166666671875001 0.527363184375 0.6733333328125 0.5024875625 0.6866666671874999 0.4577114421875 0.6766666671875 0.41293532343750006 0.5833333328125 0.40796019843750003 0.5033333328125 0.4378109453125
0 0.6599999999999999 0.16417910468750002 0.63 0.1393034828125 0.62 0.16417910468750002 0.6433333328125 0.1890547265625 0.6566666671875 0.24378109375 0.76 0.278606965625 0.79 0.23383084531249998 0.8 0.174129353125 0.7333333328125 0.11442786093749999 0.7 0.11442786093749999 0.6599999999999999 0.16417910468750002
0 0.7433333328125 0.3383084578125 0.7366666671875 0.39800995 0.7833333328125 0.5124378109375 0.8166666671874999 0.5174129359374999 0.85 0.42288557187500003 0.8466666671875 0.3432835828125 0.8333333328125001 0.32338308437499996 0.77 0.3134328359375 0.7433333328125 0.3383084578125
0 0.2766666671875 0.6865671640625 0.2733333328125 0.7114427859375 0.29333333281249996 0.820895521875 0.3233333328125 0.880597015625 0.33999999999999997 0.8656716421875 0.35 0.8159203984375001 0.37 0.8059701499999999 0.37333333281250003 0.75621890625 0.36666666718749996 0.6815920390625 0.3166666671875 0.6616915421875 0.2766666671875 0.6865671640625
0 0.4 0.7164179109375 0.4266666671875 0.7860696515625001 0.48333333281249996 0.7910447765625 0.5333333328125 0.7611940296874999 0.5033333328125 0.6815920390625 0.44000000000000006 0.6716417906250001 0.4 0.7164179109375
0 0.7833333328125 0.880597015625 0.7233333328125 0.870646765625 0.6866666671874999 0.8905472640625 0.6566666671875 0.9751243781250001 0.71 0.9900497515625 0.8099999999999999 0.95522388125 0.8166666671874999 0.9303482593749999 0.7966666671875 0.9004975125 0.8233333328124999 0.8606965171875001 0.8066666671875 0.8606965171875001 0.7833333328125 0.880597015625
0 0.6933333328125 0.5323383078124999 0.6566666671875 0.5671641796875 0.65 0.6119402984375 0.6666666671875 0.626865671875 0.7766666671875 0.626865671875 0.8266666671875 0.5671641796875 0.8233333328124999 0.5323383078124999 0.7866666671875 0.5373134328125 0.7533333328125 0.5174129359374999 0.6933333328125 0.5323383078124999
0 0.10333333281249998 0.7313432828125 0.11333333281249999 0.7910447765625 0.1433333328125 0.8358208953125 0.2066666671875 0.8308457718750001 0.22999999999999998 0.781094528125 0.22999999999999998 0.726368159375 0.2066666671875 0.7064676609375 0.14666666718750002 0.7064676609375 0.10333333281249998 0.7313432828125
0 0.24 0.3681592046875 0.2366666671875 0.427860696875 0.2666666671875 0.46766169218750003 0.30333333281249997 0.41293532343750006 0.30333333281249997 0.35323383124999996 0.2833333328125 0.3333333328125 0.24 0.3681592046875