1 0.17333333281250002 0.5511111109375 0.13 0.577777778125 0.1266666671875 0.6 0.1633333328125 0.6711111109375001 0.16999999999999998 0.7288888890624999 0.2033333328125 0.782222221875 0.2766666671875 0.8533333328125 0.3233333328125 0.8533333328125 0.3366666671875 0.8311111109375 0.3366666671875 0.742222221875 0.36 0.6977777781250001 0.36 0.662222221875 0.33999999999999997 0.6488888890625 0.3333333328125 0.5733333328125 0.25666666718750003 0.5333333328125 0.17333333281250002 0.5511111109375
1 0.2266666671875 0 0.1933333328125 0.022222221875 0.1866666671875 0.097777778125 0.21000000000000002 0.137777778125 0.22000000000000003 0.2266666671875 0.24 0.257777778125 0.29 0.2666666671875 0.37 0.24444444375000002 0.4033333328125 0.21777777812500002 0.41333333281250006 0.17333333281250002 0.3866666671875 0.13333333281249998 0.4 0.102222221875 0.3866666671875 0.0711111109375 0.41 0.057777778125 0.4066666671875 0.0266666671875 0.33999999999999997 0.057777778125 0.32 0 0.2266666671875 0
1 0.47000000000000003 0.07555555625 0.4533333328125 0.137777778125 0.45 0.1911111109375 0.46666666718750005 0.20444444375 0.44000000000000006 0.24444444375000002 0.44000000000000006 0.3333333328125 0.4566666671875 0.3688888890625 0.5466666671875 0.3688888890625 0.6766666671875 0.2666666671875 0.6933333328125 0.23555555625000002 0.72 0.23555555625000002 0.7033333328125 0.20444444375 0.72 0.19555555625 0.72 0.177777778125 0.6566666671875 0.11555555625 0.6166666671875001 0.12444444375 0.5966666671875 0.102222221875 0.5666666671875 0.1066666671875 0.48333333281249996 0.0711111109375 0.47000000000000003 0.07555555625
1 0.27 0.337777778125 0.26 0.4711111109375 0.27999999999999997 0.5066666671875 0.31 0.52 0.33999999999999997 0.6 0.42000000000000004 0.6 0.4266666671875 0.6133333328125 0.4233333328125 0.6311111109375 0.3933333328125 0.6133333328125 0.36 0.622222221875 0.3633333328125 0.6888888890625 0.33999999999999997 0.7333333328125 0.3366666671875 0.8400000000000001 0.36666666718749996 0.8888888890625 0.4566666671875 0.942222221875 0.47000000000000003 0.8488888890625 0.4933333328125 0.7911111109375 0.48 0.7022222218749999 0.44666666718750003 0.6533333328125 0.47000000000000003 0.5688888890625 0.46666666718750005 0.47555555624999996 0.41 0.377777778125 0.33999999999999997 0.297777778125 0.3166666671875 0.29333333281249996 0.27 0.337777778125
0 0.8833333328125 0.6044444437500001 0.8433333328125 0.5911111109375 0.8333333328125001 0.6044444437500001 0.85 0.7111111109375 0.8366666671875 0.7333333328125 0.8333333328125001 0.8 0.85 0.95555555625 0.8666666671875 0.9866666671875001 0.9266666671875001 1 0.95 0.8755555562499999 0.9199999999999999 0.7911111109375 0.9066666671875 0.6799999999999999 0.9133333328125 0.6044444437500001 0.8966666671875 0.5822222218750001 0.8833333328125 0.6044444437500001
0 0.5066666671875 0.502222221875 0.5033333328125 0.5333333328125 0.5266666671875 0.577777778125 0.5266666671875 0.657777778125 0.54 0.6799999999999999 0.5533333328125 0.7911111109375 0.6766666671875 0.8266666671875 0.7133333328125 0.8222222218749999 0.72 0.79555555625 0.6866666671874999 0.71555555625 0.67 0.6088888890625 0.64 0.5511111109375 0.6133333328125 0.51555555625 0.5266666671875 0.4933333328125 0.5066666671875 0.502222221875
0 0.71 0.32444444375 0.7033333328125 0.342222221875 0.7166666671875 0.43555555625000003 0.74 0.48444444375 0.8099999999999999 0.5288888890625 0.8300000000000001 0.502222221875 0.8366666671875 0.382222221875 0.8099999999999999 0.3466666671875 0.7433333328125 0.31555555625 0.71 0.32444444375
0 0.75 1 0.7333333328125 0.8977777781249999 0.64 0.8444444437499999 0.5700000000000001 0.8755555562499999 0.5566666671875 0.9288888890625 0.5566666671875 0.96444444375 0.5700000000000001 0.9688888890625 0.5633333328125001 1 0.75 1
0 0.72 0.5333333328125 0.6933333328125 0.5377777781249999 0.6833333328125 0.5911111109375 0.6966666671875 0.7333333328125 0.7066666671874999 0.7511111109375 0.7566666671875 0.737777778125 0.8099999999999999 0.7466666671875 0.8300000000000001 0.67555555625 0.8066666671875 0.657777778125 0.8066666671875 0.5866666671874999 0.73 0.5066666671875 0.72 0.5333333328125
0 0.8566666671875 0.3466666671875 0.9233333328125 0.44888888906249996 0.97 0.56444444375 0.9933333328125 0.5733333328125 1 0.337777778125 0.9833333328125 0.35555555625 0.9933333328125 0.32444444375 0.96 0.27555555625 0.8966666671875 0.2533333328125 0.8566666671875 0.3466666671875
1 0 0.7288888890624999 0.11333333281249999 0.7333333328125 0.13333333281249998 0.76 0.1533333328125 0.76 0.1666666671875 0.7022222218749999 0.15 0.64 0.10333333281249998 0.5688888890625 0.0566666671875 0.56444444375 0.0333333328125 0.6088888890625 0 0.6311111109375 0 0.7288888890624999
1 0.5733333328125 0.44000000000000006 0.58 0.48 0.6466666671875 0.5333333328125 0.6566666671875 0.56444444375 0.6766666671875 0.5688888890625 0.67 0.5288888890625 0.6866666671874999 0.4311111109375 0.61 0.3911111109375 0.5733333328125 0.44000000000000006