0 0.17421875 0.60625 0.33515625 0.38125
0 0.3 1 0.3233333328125 0.96444444375 0.4266666671875 0.9333333328125001 0.5 0.9733333328124999 0.4966666671875 0.9466666671875 0.47000000000000003 0.92444444375 0.3866666671875 0.9199999999999999 0.3266666671875 0.862222221875 0.29333333281249996 0.8488888890625 0.25 0.8577777781249999 0.1766666671875 0.79555555625 0.12 0.7911111109375 0.0866666671875 0.8088888890625 0.0733333328125 0.88444444375 0.1833333328125 0.9688888890625 0.19 1 0.3 1
1 0.47000000000000003 0.44000000000000006 0.47000000000000003 0.48444444375 0.6599999999999999 0.5866666671874999 0.8133333328125 0.59555555625 0.8133333328125 0.5511111109375 0.77 0.497777778125 0.5599999999999999 0.41333333281250006 0.5166666671875 0.41333333281250006 0.47000000000000003 0.44000000000000006
1 0.05 0.2266666671875 0.05 0.24444444375000002 0.08333333281250001 0.2666666671875 0.05 0.2888888890625 0.05 0.342222221875 0.1866666671875 0.3688888890625 0.24333333281249997 0.35111111093749997 0.16 0.222222221875 0.1 0.20444444375 0.05 0.2266666671875
0 0.5633333328125001 0.8044444437499999 0.5666666671875 0.8266666671875 0.6433333328125 0.8222222218749999 0.6366666671875 0.8044444437499999 0.5866666671874999 0.79555555625 0.5633333328125001 0.8044444437499999
0 0.73 0.7066666671874999 0.7233333328125 0.7333333328125 0.7733333328125 0.7688888890625 0.8166666671874999 0.76 0.8300000000000001 0.7244444437500001 0.77 0.67555555625 0.73 0.7066666671874999
0 0.63 1 0.6333333328124999 0.9733333328124999 0.6033333328125 0.9333333328125001 0.5466666671875 0.9288888890625 0.54 0.9511111109374999 0.5666666671875 1 0.63 1
0 0.7466666671875 0.8222222218749999 0.7466666671875 0.8755555562499999 0.7733333328125 0.8933333328125 0.8 0.88444444375 0.8 0.902222221875 0.8366666671875 0.92444444375 0.9066666671875 0.9333333328125001 0.9 0.8711111109375 0.8733333328124999 0.8311111109375 0.8300000000000001 0.8088888890625 0.7666666671875 0.8044444437499999 0.7466666671875 0.8222222218749999
1 0.44666666718750003 0.5333333328125 0.4066666671875 0.542222221875 0.3933333328125 0.56444444375 0.4233333328125 0.6311111109375 0.49000000000000005 0.67555555625 0.5266666671875 0.6799999999999999 0.5566666671875 0.657777778125 0.5700000000000001 0.5555555562500001 0.5266666671875 0.5288888890625 0.46666666718750005 0.5333333328125 0.43666666718749997 0.51555555625 0.44666666718750003 0.5333333328125
1 0.27 0.3288888890625 0.26 0.3466666671875 0.33999999999999997 0.3911111109375 0.43666666718749997 0.39555555625 0.3933333328125 0.32444444375 0.35 0.297777778125 0.27 0.3288888890625
1 0.8233333328124999 0.5377777781249999 0.8300000000000001 0.5599999999999999 0.8766666671875001 0.577777778125 0.9033333328125 0.6133333328125 0.9733333328124999 0.6266666671875 0.9800000000000001 0.6933333328125 1 0.6977777781250001 0.9966666671875 0.52444444375 0.9099999999999999 0.4933333328125 0.8400000000000001 0.4933333328125 0.8233333328124999 0.5377777781249999