1 0.0533333328125 0.48 0.0666666671875 0.48 0.08 0.44444444375 0.10333333281249998 0.51555555625 0.22999999999999998 0.5111111109375 0.3133333328125 0.5377777781249999 0.37333333281250003 0.5111111109375 0.3566666671875 0.43555555625000003 0.3166666671875 0.41333333281250006 0.24666666718750002 0.3911111109375 0.0866666671875 0.40444444375 0.0533333328125 0.3911111109375 0.0533333328125 0.48
1 0.4233333328125 0.39555555625 0.37666666718749997 0.44000000000000006 0.38 0.457777778125 0.4533333328125 0.4711111109375 0.61 0.462222221875 0.6333333328124999 0.48444444375 0.6866666671874999 0.4933333328125 0.7733333328125 0.4711111109375 0.78 0.44888888906249996 0.7733333328125 0.39555555625 0.75 0.377777778125 0.43 0.36 0.4233333328125 0.39555555625
0 0.1633333328125 0.542222221875 0.1866666671875 0.6311111109375 0.25666666718750003 0.64444444375 0.2766666671875 0.6044444437500001 0.27 0.5555555562500001 0.24333333281249997 0.5333333328125 0.1966666671875 0.5288888890625 0.1633333328125 0.542222221875
0 0.0333333328125 0.8444444437499999 0.0533333328125 0.862222221875 0.1366666671875 0.862222221875 0.11000000000000001 0.8311111109375 0.0466666671875 0.8222222218749999 0.0333333328125 0.8444444437499999
0 0.85 1 0.8766666671875001 0.9866666671875001 0.8666666671875 0.96 0.8766666671875001 0.9199999999999999 0.8566666671875 0.92444444375 0.8266666671875 0.8711111109375 0.7933333328125001 0.862222221875 0.72 0.88444444375 0.63 0.8711111109375 0.5433333328125001 0.9199999999999999 0.5866666671874999 0.942222221875 0.5866666671874999 0.9688888890625 0.6133333328125 1 0.85 1
0 1 1 0.9966666671875 0.6666666671875 0.8933333328125 0.7066666671874999 0.8699999999999999 0.7466666671875 0.8666666671875 0.782222221875 0.8866666671875001 0.8177777781250001 0.8733333328124999 0.9466666671875 0.8966666671875 0.9511111109374999 0.9266666671875001 1 1 1
1 0.44666666718750003 0.497777778125 0.4533333328125 0.577777778125 0.4766666671875 0.6311111109375 0.5466666671875 0.64444444375 0.6333333328124999 0.577777778125 0.63 0.52 0.6133333328125 0.497777778125 0.5633333328125001 0.46666666718750005 0.5166666671875 0.46666666718750005 0.44666666718750003 0.497777778125
0 0.3366666671875 0.737777778125 0.37 0.75555555625 0.4233333328125 0.76 0.43333333281249997 0.7466666671875 0.3966666671875 0.72 0.35 0.71555555625 0.3366666671875 0.737777778125
0 0.47000000000000003 1 0.45 0.982222221875 0.45 0.9466666671875 0.47000000000000003 0.8977777781249999 0.4033333328125 0.8800000000000001 0.36666666718749996 0.9111111109375001 0.3566666671875 1 0.47000000000000003 1
1 0.74 0.5688888890625 0.71 0.6088888890625 0.72 0.6533333328125 0.8533333328125 0.5866666671874999 0.8733333328124999 0.5466666671875 0.8466666671875 0.5066666671875 0.75 0.502222221875 0.74 0.5688888890625
0 0.0966666671875 0.6711111109375001 0.0533333328125 0.76444444375 0.06999999999999999 0.782222221875 0.2133333328125 0.8044444437499999 0.24 0.7511111109375 0.2133333328125 0.6977777781250001 0.18 0.657777778125 0.13333333281249998 0.6488888890625 0.0966666671875 0.6711111109375001
0 0.5599999999999999 0.7466666671875 0.48 0.7911111109375 0.46333333281250005 0.8444444437499999 0.6033333328125 0.8666666671875 0.6533333328125 0.8577777781249999 0.6733333328125 0.8266666671875 0.6733333328125 0.777777778125 0.6333333328124999 0.71555555625 0.58 0.7022222218749999 0.5599999999999999 0.7466666671875
1 1 0.3111111109375 0.9199999999999999 0.2888888890625 0.8466666671875 0.40444444375 0.8133333328125 0.40888888906250004 0.8133333328125 0.4311111109375 0.8666666671875 0.46666666718750005 0.8933333328125 0.52 0.9800000000000001 0.51555555625 1 0.502222221875 1 0.3111111109375
1 0.3366666671875 0.5733333328125 0.3233333328125 0.64444444375 0.3433333328125 0.6666666671875 0.41333333281250006 0.657777778125 0.4166666671875 0.5911111109375 0.36666666718749996 0.5599999999999999 0.3366666671875 0.5733333328125
0 1 0.5377777781249999 0.9233333328125 0.5288888890625 0.8833333328125 0.56444444375 0.8733333328124999 0.6088888890625 0.9400000000000001 0.6799999999999999 1 0.6711111109375001 1 0.5377777781249999