1 0 0.36444444374999996 0.1266666671875 0.36 0.1933333328125 0.382222221875 0.24 0.36 0.16 0.2133333328125 0.0466666671875 0.17333333281250002 0 0.17333333281250002 0 0.36444444374999996
1 0.2733333328125 0.36 0.47000000000000003 0.48444444375 0.5233333328125 0.48 0.6033333328125 0.502222221875 0.6066666671875 0.46666666718750005 0.6333333328124999 0.44888888906249996 0.58 0.40888888906250004 0.46333333281250005 0.39555555625 0.3533333328125 0.3288888890625 0.2733333328125 0.36
1 0.67 0.5288888890625 0.6666666671875 0.5733333328125 0.7333333328125 0.617777778125 0.8099999999999999 0.6266666671875 0.85 0.59555555625 0.85 0.5688888890625 0.7833333328125 0.52 0.6866666671874999 0.51555555625 0.67 0.5288888890625
1 0.3933333328125 0.5866666671874999 0.4566666671875 0.67555555625 0.5266666671875 0.7111111109375 0.5533333328125 0.6711111109375001 0.5599999999999999 0.5911111109375 0.4033333328125 0.5599999999999999 0.3933333328125 0.5866666671874999
0 0 0.6133333328125 0.0333333328125 0.67555555625 0.07666666718750001 0.7288888890624999 0.1166666671875 0.72 0.1266666671875 0.6933333328125 0.1166666671875 0.622222221875 0 0.542222221875 0 0.6133333328125
0 0.1166666671875 0.59555555625 0.13999999999999999 0.662222221875 0.1433333328125 0.737777778125 0.1833333328125 0.79555555625 0.2266666671875 0.8044444437499999 0.2366666671875 0.6888888890625 0.2266666671875 0.64444444375 0.18 0.622222221875 0.1566666671875 0.5822222218750001 0.1233333328125 0.56444444375 0.1166666671875 0.59555555625
0 0.45 1 0.4566666671875 0.95555555625 0.4733333328125 0.942222221875 0.45999999999999996 0.9199999999999999 0.3933333328125 0.91555555625 0.3333333328125 0.862222221875 0.2766666671875 0.8488888890625 0.22999999999999998 0.8577777781249999 0.23333333281250002 0.9199999999999999 0.2233333328125 0.937777778125 0.22999999999999998 0.9688888890625 0.2733333328125 0.982222221875 0.2733333328125 1 0.45 1
0 0.53 0.79555555625 0.53 0.8133333328125 0.5533333328125 0.8311111109375 0.65 0.8222222218749999 0.6366666671875 0.8 0.5700000000000001 0.7911111109375 0.53 0.79555555625
0 0.7566666671875 1 0.74 0.96 0.6633333328125001 0.9688888890625 0.6066666671875 0.9333333328125001 0.54 0.9199999999999999 0.53 0.9466666671875 0.5633333328125001 1 0.7566666671875 1
0 0 0.5066666671875 0.06 0.5688888890625 0.11333333281249999 0.5866666671874999 0.1166666671875 0.5466666671875 0.1533333328125 0.497777778125 0.15 0.44888888906249996 0.11333333281249999 0.42222222187499997 0.0066666671875 0.41333333281250006 0 0.5066666671875
0 0.31 0.79555555625 0.30333333281249997 0.8488888890625 0.39 0.9199999999999999 0.4766666671875 0.8711111109375 0.4766666671875 0.8400000000000001 0.43333333281249997 0.8088888890625 0.4033333328125 0.737777778125 0.36666666718749996 0.7244444437500001 0.31 0.79555555625
0 0.7266666671875 0.7111111109375 0.7266666671875 0.7688888890625 0.74 0.782222221875 0.82 0.777777778125 0.8300000000000001 0.72 0.7733333328125 0.6799999999999999 0.7266666671875 0.7111111109375
0 0.6599999999999999 0.8311111109375 0.6633333328125001 0.8755555562499999 0.7866666671875 0.8933333328125 0.8533333328125 0.8400000000000001 0.7133333328125 0.8266666671875 0.6599999999999999 0.8311111109375
1 0.15 0.4311111109375 0.16999999999999998 0.502222221875 0.27999999999999997 0.6133333328125 0.3066666671875 0.5911111109375 0.3166666671875 0.5333333328125 0.37 0.5333333328125 0.3966666671875 0.51555555625 0.3933333328125 0.4888888890625 0.3333333328125 0.44000000000000006 0.2266666671875 0.44888888906249996 0.1933333328125 0.4 0.17333333281250002 0.4 0.15 0.4311111109375
1 1 0.6533333328125 0.97 0.617777778125 0.9333333328125001 0.6133333328125 0.8966666671875 0.6266666671875 0.8833333328125 0.6666666671875 0.8400000000000001 0.6799999999999999 0.8366666671875 0.7333333328125 0.9366666671875 0.8577777781249999 0.9733333328124999 0.8711111109375 0.9933333328125 0.8577777781249999 1 0.8711111109375 1 0.6533333328125