0 0 0.617777778125 0.10333333281249998 0.662222221875 0.11000000000000001 0.6133333328125 0.14666666718750002 0.59555555625 0.1566666671875 0.5733333328125 0.13999999999999999 0.52 0.1066666671875 0.48444444375 0.01 0.48444444375 0 0.4888888890625 0 0.617777778125
1 0.1366666671875 0.31555555625 0.13333333281249998 0.3288888890625 0.2133333328125 0.4 0.37333333281250003 0.3866666671875 0.3633333328125 0.342222221875 0.29333333281249996 0.30222222187500003 0.1366666671875 0.31555555625
1 0.37 0.4888888890625 0.2666666671875 0.48 0.25666666718750003 0.4888888890625 0.2633333328125 0.5511111109375 0.29 0.5822222218750001 0.3366666671875 0.6 0.4 0.5822222218750001 0.44000000000000006 0.617777778125 0.48666666718749996 0.6311111109375 0.5466666671875 0.6133333328125 0.55 0.5111111109375 0.5033333328125 0.48 0.4066666671875 0.462222221875 0.37 0.4888888890625
1 0.5533333328125 0.42222222187499997 0.6333333328124999 0.48444444375 0.6266666671875 0.52 0.6366666671875 0.5288888890625 0.85 0.52 0.8633333328124999 0.5066666671875 0.85 0.46666666718750005 0.74 0.41333333281250006 0.5900000000000001 0.39555555625 0.5533333328125 0.42222222187499997
0 0.3466666671875 1 0.3633333328125 0.977777778125 0.4233333328125 0.95555555625 0.48333333281249996 0.96 0.5433333328125001 0.937777778125 0.5 0.902222221875 0.41333333281250006 0.91555555625 0.3466666671875 0.8666666671875 0.27 0.8755555562499999 0.17333333281250002 0.8400000000000001 0.16 0.8711111109375 0.1633333328125 0.937777778125 0.1933333328125 1 0.3466666671875 1
0 0.0266666671875 0.7511111109375 0.0233333328125 0.8 0.0033333328125 0.8222222218749999 0 0.9199999999999999 0.03 0.9466666671875 0.1166666671875 0.92444444375 0.1233333328125 0.8977777781249999 0.1 0.8 0.0366666671875 0.7466666671875 0.0266666671875 0.7511111109375
0 0.73 0.64444444375 0.7266666671875 0.7066666671874999 0.77 0.7733333328125 0.8 0.777777778125 0.8666666671875 0.7288888890624999 0.9033333328125 0.7244444437500001 0.8699999999999999 0.64444444375 0.77 0.6088888890625 0.73 0.64444444375
0 1 0.8933333328125 0.9833333328125 0.88444444375 0.9666666671874999 0.8977777781249999 0.9666666671874999 0.92444444375 0.8466666671875 0.9111111109375001 0.79 0.95555555625 0.77 1 1 1 1 0.8933333328125
0 0.5366666671875 0.71555555625 0.5066666671875 0.7466666671875 0.5533333328125 0.7911111109375 0.6433333328125 0.777777778125 0.6599999999999999 0.76 0.6566666671875 0.7288888890624999 0.6 0.7066666671874999 0.5366666671875 0.71555555625
0 0.3333333328125 0.79555555625 0.32999999999999996 0.8488888890625 0.4033333328125 0.9066666671875 0.43666666718749997 0.902222221875 0.4766666671875 0.8488888890625 0.48 0.8222222218749999 0.4533333328125 0.8044444437499999 0.44666666718750003 0.7688888890625 0.41333333281250006 0.72 0.38 0.7111111109375 0.3333333328125 0.79555555625
0 0.1866666671875 0.64 0.13999999999999999 0.6711111109375001 0.1566666671875 0.737777778125 0.1966666671875 0.7866666671875 0.2533333328125 0.7688888890625 0.30333333281249997 0.7111111109375 0.2833333328125 0.6533333328125 0.2366666671875 0.6311111109375 0.1866666671875 0.64
0 0.62 1 0.6599999999999999 0.977777778125 0.6666666671875 0.937777778125 0.6566666671875 0.9199999999999999 0.5900000000000001 0.9066666671875 0.62 1
1 0 0.42222222187499997 0.1533333328125 0.42222222187499997 0.19 0.40444444375 0.13999999999999999 0.32 0.1066666671875 0.30222222187500003 0.11333333281249999 0.2666666671875 0.0966666671875 0.262222221875 0 0.27555555625 0 0.42222222187499997
1 1 0.3866666671875 0.8699999999999999 0.382222221875 0.8300000000000001 0.39555555625 0.8166666671874999 0.41777777812499994 0.8333333328125001 0.457777778125 0.8966666671875 0.502222221875 0.96 0.502222221875 0.9733333328124999 0.52 1 0.5111111109375 1 0.3866666671875
0 1 0.5911111109375 0.95 0.5911111109375 0.8566666671875 0.6044444437500001 0.8400000000000001 0.617777778125 0.8300000000000001 0.662222221875 0.9266666671875001 0.7511111109375 1 0.7688888890625 1 0.5911111109375