1 0.41333333281250006 0.6 0.42000000000000004 0.6266666671875 0.4766666671875 0.6266666671875 0.46666666718750005 0.59555555625 0.4266666671875 0.5866666671874999 0.41333333281250006 0.6
1 0 0.76 0.0633333328125 0.737777778125 0.1066666671875 0.7866666671875 0.13999999999999999 0.7688888890625 0.1966666671875 0.6311111109375 0.21000000000000002 0.56444444375 0.18 0.542222221875 0.1166666671875 0.5377777781249999 0.06999999999999999 0.5555555562500001 0.0566666671875 0.6044444437500001 0 0.6533333328125 0 0.76
0 1 0.32444444375 0.99 0.32444444375 0.8466666671875 0.377777778125 0.82 0.40888888906250004 0.7966666671875 0.48 0.7633333328125 0.5111111109375 0.7 0.6311111109375 0.6833333328125 0.6977777781250001 0.7066666671874999 0.737777778125 0.7633333328125 0.777777778125 0.8166666671874999 0.76 0.9099999999999999 0.68444444375 0.8833333328125 0.64444444375 0.8833333328125 0.5866666671874999 0.96 0.4888888890625 1 0.4711111109375 1 0.32444444375
0 0.8033333328125 1 0.7966666671875 0.9466666671875 0.8366666671875 0.902222221875 0.8366666671875 0.862222221875 0.8033333328125 0.8400000000000001 0.8066666671875 0.8222222218749999 0.7833333328125 0.8177777781250001 0.7733333328125 0.8355555562499999 0.7333333328125 0.8266666671875 0.7066666671874999 0.8444444437499999 0.7133333328125 0.9288888890625 0.7466666671875 0.982222221875 0.7366666671875 1 0.8033333328125 1
0 0.8833333328125 0.7511111109375 0.89 0.7866666671875 0.9133333328125 0.8 0.9433333328125 0.75555555625 0.9466666671875 0.7244444437500001 0.9199999999999999 0.6799999999999999 0.9066666671875 0.6799999999999999 0.8833333328125 0.7511111109375
1 0.5133333328125 0.44888888906249996 0.41 0.502222221875 0.36 0.6088888890625 0.3933333328125 0.6088888890625 0.46333333281250005 0.5377777781249999 0.5366666671875 0.497777778125 0.6033333328125 0.40444444375 0.5733333328125 0.3911111109375 0.5133333328125 0.44888888906249996
1 0.8233333328124999 0.177777778125 0.85 0.20888888906249997 0.7833333328125 0.24 0.78 0.257777778125 0.8400000000000001 0.27999999999999997 0.8933333328125 0.27555555625 0.96 0.21777777812500002 0.9099999999999999 0.19555555625 0.89 0.15111111093750001 0.8666666671875 0.15111111093750001 0.8233333328124999 0.177777778125
1 0.16 0.8755555562499999 0.1366666671875 0.937777778125 0.13999999999999999 0.99555555625 0.2666666671875 1 0.3133333328125 0.8711111109375 0.1966666671875 0.8444444437499999 0.16 0.8755555562499999
1 0.4533333328125 0.63555555625 0.45 0.6666666671875 0.4766666671875 0.6933333328125 0.5333333328125 0.6933333328125 0.5466666671875 0.7111111109375 0.5533333328125 0.6711111109375001 0.58 0.6711111109375001 0.5700000000000001 0.6533333328125 0.6066666671875 0.6133333328125 0.6033333328125 0.5822222218750001 0.58 0.56444444375 0.4533333328125 0.63555555625
0 0.1933333328125 0.782222221875 0.1866666671875 0.8222222218749999 0.26 0.8311111109375 0.2733333328125 0.7866666671875 0.2266666671875 0.75555555625 0.1933333328125 0.782222221875
0 0.5900000000000001 1 0.5933333328125 0.977777778125 0.6433333328125 0.942222221875 0.63 0.92444444375 0.5633333328125001 0.91555555625 0.48 1 0.5900000000000001 1
0 0.2866666671875 0.662222221875 0.31 0.6888888890625 0.35 0.67555555625 0.3466666671875 0.64444444375 0.32 0.63555555625 0.2866666671875 0.662222221875