0 0.0366666671875 0.67555555625 0.08333333281250001 0.7466666671875 0.1 0.8355555562499999 0.18 0.8088888890625 0.2366666671875 0.8488888890625 0.30333333281249997 0.8488888890625 0.3333333328125 0.76 0.3066666671875 0.72 0.2866666671875 0.64 0.1233333328125 0.44000000000000006 0 0.4266666671875 0.0033333328125 0.5866666671874999 0.0366666671875 0.67555555625
0 0.4233333328125 1 0.44666666718750003 0.9866666671875001 0.44000000000000006 0.942222221875 0.39 0.9199999999999999 0.3333333328125 0.862222221875 0.2866666671875 0.8488888890625 0.26 0.862222221875 0.19 0.8133333328125 0.15 0.8088888890625 0.13333333281249998 0.902222221875 0.16999999999999998 0.9511111109374999 0.2833333328125 0.977777778125 0.30333333281249997 1 0.4233333328125 1
1 0.2666666671875 0.377777778125 0.2766666671875 0.40888888906250004 0.3266666671875 0.44444444375 0.36666666718749996 0.4311111109375 0.3966666671875 0.44444444375 0.4266666671875 0.48444444375 0.5233333328125 0.52 0.58 0.5599999999999999 0.6599999999999999 0.542222221875 0.6633333328125001 0.52 0.65 0.502222221875 0.5933333328125 0.4711111109375 0.5633333328125001 0.4266666671875 0.51 0.4266666671875 0.38 0.36444444374999996 0.27999999999999997 0.36 0.2666666671875 0.377777778125
1 0.6900000000000001 0.5511111109375 0.6166666671875001 0.5688888890625 0.6 0.59555555625 0.6033333328125 0.64444444375 0.6599999999999999 0.6488888890625 0.7133333328125 0.6088888890625 0.7266666671875 0.542222221875 0.6933333328125 0.5288888890625 0.6900000000000001 0.5511111109375
1 0.7666666671875 0.52444444375 0.7666666671875 0.542222221875 0.8066666671875 0.6 0.8233333328124999 0.6533333328125 0.9400000000000001 0.68444444375 0.9766666671875001 0.6533333328125 0.9833333328125 0.6088888890625 0.9733333328124999 0.59555555625 0.9366666671875 0.5822222218750001 0.8833333328125 0.5288888890625 0.7933333328125001 0.5066666671875 0.7666666671875 0.52444444375
1 0.0066666671875 0.40888888906250004 0.13999999999999999 0.44000000000000006 0.16999999999999998 0.4 0.25 0.3688888890625 0.17333333281250002 0.2888888890625 0.1533333328125 0.2133333328125 0.0066666671875 0.18222222187499998 0.0066666671875 0.40888888906250004
1 0.36 0.6044444437500001 0.3633333328125 0.64444444375 0.3933333328125 0.6933333328125 0.41 0.7733333328125 0.44333333281250004 0.8044444437499999 0.47000000000000003 0.737777778125 0.4566666671875 0.657777778125 0.4033333328125 0.5822222218750001 0.39 0.5822222218750001 0.36 0.6044444437500001
0 0.5166666671875 0.79555555625 0.5566666671875 0.8222222218749999 0.6366666671875 0.8222222218749999 0.6566666671875 0.8 0.6566666671875 0.782222221875 0.6233333328125 0.7688888890625 0.5133333328125 0.7688888890625 0.5166666671875 0.79555555625
0 1 0.8933333328125 0.9800000000000001 0.8933333328125 0.9566666671874999 0.9066666671875 0.9533333328125 0.96444444375 1 1 1 0.8933333328125
0 0.7266666671875 0.7022222218749999 0.7433333328125 0.737777778125 0.79 0.742222221875 0.8266666671875 0.72 0.8133333328125 0.6888888890625 0.77 0.6666666671875 0.7266666671875 0.7022222218749999
0 0.6366666671875 1 0.6466666671875 0.9866666671875001 0.65 0.9466666671875 0.5466666671875 0.9288888890625 0.5766666671875 1 0.6366666671875 1