0 0.8666666671875 0.44444444375 0.82 0.52444444375 0.78 0.5466666671875 0.7233333328125 0.622222221875 0.63 0.6799999999999999 0.6266666671875 0.7111111109375 0.6900000000000001 0.79555555625 0.7366666671875 0.8177777781250001 0.8 0.8044444437499999 0.85 0.75555555625 0.8833333328125 0.7466666671875 0.8766666671875001 0.6799999999999999 0.89 0.63555555625 1 0.5555555562500001 0.9933333328125 0.42222222187499997 0.8666666671875 0.44444444375
1 0.5233333328125 0.4711111109375 0.5766666671875 0.502222221875 0.7033333328125 0.47555555624999996 0.7333333328125 0.44444444375 0.7366666671875 0.41333333281250006 0.7033333328125 0.382222221875 0.5233333328125 0.4711111109375
0 0.17333333281250002 0.7066666671874999 0.1766666671875 0.737777778125 0.2633333328125 0.76 0.27 0.6888888890625 0.2133333328125 0.662222221875 0.17333333281250002 0.7066666671874999
0 0.3533333328125 0.8044444437499999 0.36 0.8177777781250001 0.44333333281250004 0.8133333328125 0.43333333281249997 0.7911111109375 0.37666666718749997 0.7866666671875 0.3533333328125 0.8044444437499999
1 0.22000000000000003 0.4311111109375 0.1433333328125 0.4266666671875 0.1366666671875 0.44000000000000006 0.1633333328125 0.5377777781249999 0.3433333328125 0.52444444375 0.51 0.41777777812499994 0.48333333281249996 0.39555555625 0.43333333281249997 0.39555555625 0.22000000000000003 0.4311111109375
0 0.0666666671875 1 0.0666666671875 0.9199999999999999 0.05 0.902222221875 0.0033333328125 0.902222221875 0 1 0.0666666671875 1
0 0.6900000000000001 1 0.6766666671875 0.91555555625 0.6633333328125001 0.902222221875 0.6 0.91555555625 0.53 0.8977777781249999 0.45999999999999996 0.942222221875 0.43666666718749997 1 0.6900000000000001 1
0 0.8433333328125 1 0.8300000000000001 0.9688888890625 0.8433333328125 0.95555555625 0.95 0.937777778125 0.9733333328124999 0.91555555625 0.9666666671874999 0.88444444375 0.9099999999999999 0.8222222218749999 0.8699999999999999 0.8355555562499999 0.86 0.8044444437499999 0.8233333328124999 0.8 0.77 0.8577777781249999 0.7766666671875 0.8933333328125 0.74 0.95555555625 0.7366666671875 1 0.8433333328125 1
1 0.43666666718749997 0.5911111109375 0.43666666718749997 0.67555555625 0.46666666718750005 0.7333333328125 0.5366666671875 0.7466666671875 0.5533333328125 0.6933333328125 0.5833333328125 0.6799999999999999 0.5833333328125 0.6266666671875 0.6066666671875 0.5688888890625 0.55 0.5599999999999999 0.43666666718749997 0.5911111109375
0 0.4233333328125 1 0.45 0.942222221875 0.4966666671875 0.91555555625 0.49000000000000005 0.8933333328125 0.45999999999999996 0.8800000000000001 0.3333333328125 0.8711111109375 0.26 0.8755555562499999 0.19 0.92444444375 0.15 0.9333333328125001 0.1233333328125 0.977777778125 0.2 1 0.4233333328125 1
1 0.8533333328125 0.2266666671875 0.8533333328125 0.24444444375000002 0.8733333328124999 0.257777778125 0.8266666671875 0.27555555625 0.7633333328125 0.3466666671875 0.7633333328125 0.377777778125 0.8300000000000001 0.4 0.8566666671875 0.43555555625000003 0.9966666671875 0.40888888906250004 1 0.20444444375 0.9566666671874999 0.19555555625 0.8533333328125 0.2266666671875
1 0.3 0.5866666671874999 0.2866666671875 0.6488888890625 0.3166666671875 0.6711111109375001 0.32999999999999996 0.7333333328125 0.37 0.737777778125 0.41333333281250006 0.6711111109375001 0.44333333281250004 0.657777778125 0.44333333281250004 0.63555555625 0.4166666671875 0.5733333328125 0.4 0.5866666671874999 0.3866666671875 0.5688888890625 0.3366666671875 0.56444444375 0.3 0.5866666671874999
0 0.11333333281249999 0.8177777781250001 0.1066666671875 0.862222221875 0.1366666671875 0.8888888890625 0.2066666671875 0.8933333328125 0.2166666671875 0.8177777781250001 0.1833333328125 0.7866666671875 0.15 0.7866666671875 0.11333333281249999 0.8177777781250001